n_samples,acc_pa,acc_ml,acc_si,gyr_pa,gyr_ml,gyr_si,side
3588,0.062109934264714894,-0.5601602341001892,-9.902774385514107,-0.5247623202047423,0.9108340099658071,-0.250718538931766,left
3589,0.05404865278707094,-0.5417754832909094,-9.891725246975899,-1.643633417252952,0.5908413698316055,-0.4694529906974967,left
3590,0.020289777870517778,-0.5211132624063991,-9.83048013740075,-1.7729208892052202,-0.6874536022470712,-0.5557428408239965,left
3591,0.03514600816513713,-0.5048299262776386,-9.696256926071419,-0.8630347028259577,-1.8209741407332423,-1.0321229099231581,left
3592,0.0941569384074481,-0.4854678366425227,-9.934263628495325,-0.1188173321813745,-1.4126120449440993,-0.5546536483870443,left
3593,0.0057825368106754205,-0.44670422391801123,-9.755530078643796,-0.2556931812969484,-1.2551470596479868,-0.4457407595882183,left
3594,0.1498323385721445,-0.43880816583885185,-9.963312995746223,0.12044447153242716,-1.199681662530954,-0.4983251945028572,left
3595,0.0904001003191035,-0.3986928004482023,-9.79527905074315,-0.2914206702666647,-1.2674875371174326,-0.4707495702790984,left
3596,0.12024815481408746,-0.37126939642462353,-9.790558621402374,0.10623288839187356,-1.7777296420601025,-1.2405949788184425,left
3597,0.23276204924393307,-0.34050210589046304,-9.791150906707559,-0.30303005559351803,-1.3927564552201401,-2.6107172113075077,left
3598,0.4826195807453546,-0.2919086824018182,-9.9335681052793,-0.23409634344137675,-0.045141853742968224,-3.741560647935762,left
3599,0.5334945943394791,-0.21691074851634842,-9.83821602866292,-1.2964307707186553,1.104601624532909,-4.485812233251082,left
3600,0.5531954032243576,-0.14946444954633603,-9.842034020283577,-1.475805098353231,0.4412434916543242,-5.519866807158351,left
3601,0.5082891445195696,-0.127517195712368,-9.715064081916733,-2.009409440387876,-3.176342510381219,-6.991249719887963,left
3602,0.6007261336467171,-0.08568833058962631,-9.737492085108057,-1.115450466285274,-7.1240887226273095,-8.957596646001726,left
3603,0.629257432792584,-0.04954771596824485,-9.73533127266749,-1.678393652069289,-9.756233774801396,-9.613356521343107,left
3604,0.5646875295004419,-0.05221839939105179,-9.681353739539563,-1.5331728002033316,-11.582753437934418,-10.950789786674164,left
3605,0.4750951778600201,-0.012683531142800686,-9.76096849175241,-1.2468609641794406,-13.862252669441638,-13.134592056707675,left
3606,0.45747042208138833,-0.025631150054949897,-9.829379850636384,-1.4114299055024224,-17.128727439509852,-15.821715416842963,left
3607,0.38070757746734474,-0.056207272705443775,-9.810101140812916,-1.4332157380673038,-20.490583260789794,-17.76446194084946,left
3608,0.36397021589539147,-0.06614563239447571,-9.751275259352857,-1.297043897389785,-23.69042848918886,-20.843185915270826,left
3609,0.34842068828060135,-0.07561915994899293,-9.48572702799027,-2.6391028888721095,-24.35992923922372,-23.937521028532828,left
3610,0.35475670351662636,-0.15003709929811276,-9.097552897163299,-4.122543626899327,-22.9449226600846,-27.188060581546043,left
3611,0.45523069876989597,-0.21636166322182016,-8.817117132585386,-4.715135674388358,-20.95839134282075,-29.823853664395305,left
3612,0.7514478587220286,-0.2589351717719213,-9.039331920147383,-3.9757664226491123,-19.294465490922647,-30.39576390671097,left
3613,0.967239990612389,-0.3944586595051522,-9.979385208934282,-3.7309283583832737,-18.539950232508623,-27.916764265372684,left
3614,0.9098982510940892,-0.5265249348092045,-10.462081737110847,-4.336168796621715,-20.03377405161123,-25.957774153708687,left
3615,0.7567678777970541,-0.5858403051704846,-10.629688932125173,-4.036881333048219,-22.338019541643686,-25.108032178903557,left
3616,0.6265993619059174,-0.7303585010050659,-10.933451020702709,-4.024187660470748,-25.447691956457824,-23.596747088730744,left
3617,0.5062163288431321,-0.8723267263847492,-11.119088120151352,-3.5423760683033074,-28.54089771877524,-22.029327175794645,left
3618,0.5290630746516474,-0.931681028011646,-10.982310588621823,-3.4840660272348947,-28.655085388409034,-20.233297245860644,left
3619,0.5516925477511636,-0.9450293804278286,-10.182565829912576,-4.439527487535255,-24.739150380647533,-18.977810768825176,left
3620,0.7060487783765317,-0.8976117407509527,-9.78486232363139,-4.880538681330387,-16.541469535185236,-17.133000968176457,left
3621,0.6041880916805384,-0.8756617083250055,-9.393694247855462,-6.491012533964249,-7.5831753848729955,-15.655578896163115,left
3622,0.5666911562664056,-0.8466374232229704,-8.908862087743476,-7.586162305105445,-1.6907361513854073,-15.394609133468746,left
3623,0.32199308233871937,-0.8953653185236906,-8.993940529609263,-7.401007663788336,1.3253712513344733,-13.9458594168514,left
3624,0.009812166700718716,-0.9165035834147555,-9.225444510862394,-7.54914125416092,0.215830671593409,-14.113100394631129,left
3625,-0.10877500802444295,-0.9017816434700914,-9.199492913967989,-8.980490977618024,-1.5781312934764045,-15.292253995514178,left
3626,-0.17516431470986404,-0.9756086433624229,-9.179925030978941,-10.67500655406554,-2.702124880948727,-15.16344061576315,left
3627,-0.20517229684053673,-1.0038517496002237,-9.187582177273015,-11.21994453312397,-3.7478768760969707,-14.903770097331538,left
3628,-0.20284792309998112,-0.963468474679414,-9.427731819984126,-10.614168580773741,-3.80588753075474,-14.077253421582657,left
3629,-0.43161022147718775,-0.8767514950532056,-9.427269358192712,-10.277088666175295,-3.346424440409538,-13.108119216476013,left
3630,-0.5991999893196445,-0.8305241534887231,-9.770825288618267,-10.166070011448422,-2.926505242164394,-11.978226689627872,left
3631,-0.6592354995774579,-0.8200287359011718,-10.007909141019027,-11.459225874146513,-2.7855582143298268,-11.823857103177845,left
3632,-0.5107029914984977,-0.7295786709557905,-10.780937969165862,-12.515591858397611,-1.0584614259976353,-11.492468577916991,left
3633,-0.6564414999845631,-0.6638484380551856,-10.81860721368171,-14.613645709745676,1.4668992052424432,-11.654747721868123,left
3634,-0.5245448085184048,-0.5088548554398655,-11.721231899498495,-12.175003527619115,3.886074023946414,-13.192832809955519,left
3635,-0.5568132851594503,-0.20655018616116477,-11.83704657882693,-13.412493537286547,8.206257020550705,-14.14735599959047,left
3636,-0.30144389983556374,-0.1265591786388329,-12.67318324046067,-12.468500636473827,10.655378726138517,-14.154328864986137,left
3637,-0.21246748042164532,-0.05498334575870739,-13.268090638620805,-12.888951453138304,13.609127595783939,-13.364988792104533,left
3638,-0.3144414479791191,0.1657798710352147,-12.472938466995894,-11.766474154494087,14.988314641332064,-13.933382799210719,left
3639,-0.490798063483167,0.5714477242669656,-12.016193769189387,-9.860437735607967,15.60071889485009,-13.006657984300903,left
3640,-0.8378042559254197,0.9029169753053237,-10.978542904345968,-11.107695935614762,14.192934443487166,-12.712647954813805,left
3641,-1.0550948878945983,1.0566409604884548,-10.245611876555053,-11.609098639266636,12.205274813201992,-12.809689891335438,left
3642,-1.300475312851757,1.2567602501207376,-9.10552954309109,-10.616008776415757,10.04297464640097,-13.912620352868469,left
3643,-1.2517821143250547,1.486731232822391,-8.733701378834134,-7.544869922847039,8.052843639794014,-14.454772905753634,left
3644,-1.0914622511306948,1.6828172107833903,-8.666802111096873,-5.398955804183647,6.232659981107626,-14.43375684109721,left
3645,-0.9153434852996316,1.8175459985421178,-9.288095880993842,-2.6833737307236687,4.523296601420579,-14.293984406893076,left
3646,-1.0056155533009203,1.9746376838063167,-9.668803429208328,-2.7860593739938384,0.8201533632997144,-14.86194527734391,left
3647,-0.953768292880603,2.055130727994591,-9.736488289319118,-3.850210086771755,-5.3002262976465655,-17.007294012858434,left
3648,-0.7008166879252773,2.0718304200266497,-10.064056839322602,-4.646374702437319,-7.569711338944256,-18.520149497622235,left
3649,-0.972369639720077,2.0324698284193876,-9.20372640950635,-4.702471270534588,-7.870999862624124,-20.115056326259577,left
3650,-1.1452026192982352,1.7803295128996868,-8.688726237880017,-1.3140561841484608,-8.91559394065845,-22.70845610102243,left
3651,-1.203284600318229,1.534400092416767,-8.278179215668207,3.665784398132205,-10.008335604199777,-26.005914959966265,left
3652,-0.8744294831181731,1.4961188027653665,-8.251021916329309,7.9848159974858035,-8.989090459852386,-28.400399677090878,left
3653,-0.6485636535591945,1.3527704902115256,-7.765516102184517,9.300585481279953,-4.209626780911414,-27.97634818785305,left
3654,-0.5590741749112316,1.1499053872337675,-7.641144525595955,11.910458647973048,1.372621355368571,-26.535391787289168,left
3655,-0.7523616334858367,0.9847339994507451,-7.447590871382369,13.75907421296278,4.898374881456271,-26.51604248708293,left
3656,-0.5828441371160444,0.9645995197175226,-7.549003879110361,15.588620766655067,5.710466559406703,-27.914676161995555,left
3657,-0.30738260029057773,0.9525680886435519,-7.567391218027181,16.183637219700696,7.083460355244425,-27.317980673103058,left
3658,0.14356135047870477,0.974287648399436,-8.17805407291377,16.914110773308675,9.365775559809892,-24.075658907608087,left
3659,0.24795500485847688,0.9515716982485469,-8.649119571925558,15.350740412291415,11.652188413233134,-18.602959627682186,left
3660,0.050894089281926735,0.9333736054952008,-8.863250834149452,15.246913465042201,12.24783543224823,-14.24972872394388,left
3661,-0.05356221396661809,0.9383910053062176,-9.028284198537557,16.418321863965893,12.201971249031944,-11.244024737487742,left
3662,0.273314710688521,0.9610064800660397,-10.036049615329164,18.317652635947912,14.711339355616799,-9.38530669908874,left
3663,0.5026948379579239,1.0012734331408037,-10.816255536100838,16.989628454434737,18.454070897772706,-5.172536226121279,left
3664,0.8468539060386631,0.8710413481192824,-11.650255617217418,16.31798911494975,20.919257292293175,-0.253294140062728,left
3665,0.8357459975624897,0.5934264508443841,-11.917761956899184,16.222470061416242,24.464222506511724,4.4541102462881845,left
3666,0.5079785144726268,0.41156362003514835,-12.593811682153039,19.527971372078337,26.16686962946677,7.589487613826132,left
3667,0.23628396657130057,0.2420732054502762,-13.04184768932333,17.766073446108003,21.22839364582968,9.100810518936573,left
3668,0.782036285918708,-0.0394225921917854,-15.440013113323234,17.106738149730482,15.605936327040625,13.518307417455446,left
3669,-0.3823772341628078,-0.19546120440877626,-13.519285328535727,7.411638373796536,10.657897620530365,20.040896540885086,left
3670,-0.9601962448159358,-0.6607904347906333,-11.018336789262767,8.277374112083223,5.552999268935829,20.056246437802884,left
3671,-0.7633706153331916,-0.7316367431557221,-11.206273176432893,11.189224659826516,10.606831337032302,22.312720289852958,left
3672,-0.7295784087834538,-0.7916755961512061,-9.683169708273494,6.57316276184245,16.40320395490748,23.527533306765488,left
3673,-0.41002877728174436,-1.02912172421948,-9.695023956505251,5.016527083310771,22.51555080905456,24.58545608926899,left
3674,-0.4997560370942611,-1.347774315787881,-8.82605266895071,4.301346567327131,23.952889650677598,23.27168095262195,left
3675,-0.419303847241443,-1.5841888990346162,-9.58508760408158,9.06578921646416,19.103913393768597,21.980989467485017,left
3676,-0.3736778033274435,-1.559016904197016,-10.453413754046448,9.177793605910292,11.854927461804003,21.247005908468505,left
3677,-0.2054465818981499,-1.3989850450959287,-10.787305111638098,4.302972668611315,7.396598926391432,21.11403798700981,left
3678,-0.11400426002032926,-1.1702053767135587,-10.034488774831958,-4.46320218397817,6.042254098037613,21.813952341486974,left
3679,-0.015031759183852689,-0.9127841526225096,-9.263575659465868,-11.188805919259787,7.368535380697292,22.975455238870474,left
3680,0.06420544658312277,-0.6581128920984839,-8.31918731474812,-15.156382594890836,9.95230709627986,24.647919136953167,left
3681,0.316313546518187,-0.5392446348182318,-7.925445168194105,-14.293489861046101,12.45691515608727,26.00692604410877,left
3682,0.4844310982003941,-0.4478707873563344,-7.430766460723678,-12.510835088621349,15.926035928843945,25.853681310050124,left
3683,0.7192157705073527,-0.3472475803532479,-7.384225603673086,-9.584979312433926,19.11088291284968,25.852900151669658,left
3684,0.8023514353730565,-0.2832302759463887,-7.4442556850189145,-8.084268229021276,19.63650369838639,24.78747377166748,left
3685,0.9742977108644748,-0.2959397357911792,-7.705167998490428,-7.759124221190922,17.207480688531504,22.905354381168266,left
3686,1.0470788808836777,-0.27025764964690935,-7.873909229475824,-8.231905688137104,13.455310724677352,21.58200249371904,left
3687,1.081684121894529,-0.2627238916656407,-7.877128300652766,-8.470995868797456,9.748342859562804,21.176506582716613,left
3688,0.9194663547922153,-0.3212962949006879,-7.691651527688537,-8.610309072667633,7.653432509289831,20.15716044771074,left
3689,0.826183091470766,-0.3805625293450199,-7.995899445979537,-6.709976548638584,6.041477630803574,17.763573578413382,left
3690,0.8889270742437567,-0.43331069087467455,-8.764499191660496,-4.503496678933265,4.746624130728495,15.683832062341358,left
3691,1.1374824260859269,-0.414491285056525,-9.790541392369494,-1.5160325207280994,3.7003187193148808,12.877883939337002,left
3692,1.555403929448725,-0.3801799934972996,-10.702774658441287,-0.6523496422018087,4.6309296383198335,10.206907094426711,left
3693,1.6097442215224733,-0.41469339098595137,-11.481114070181864,-0.38251526164112004,7.006032818784203,9.03848658479723,left
3694,1.7698528070520245,-0.3405862603076339,-12.870934317473957,2.1397567152058823,8.679693424750445,9.098981547018983,left
3695,1.0632642347254686,-0.2216942713192286,-12.493122062071695,-0.1894833639783995,6.736586586556505,9.776674417074378,left
3696,1.3134924890183823,-0.3120448713795029,-13.787927048314856,3.5322201318651065,1.510641745765747,6.895676146748637,left
3697,0.9504866713168578,-0.13424696699476252,-15.298718384266284,4.388299241720368,0.5992023940110454,6.38475766428521,left
3698,-0.2201558733378861,0.3090877099273338,-12.46734253834052,-1.465845104330444,-6.70784013499075,-3.220702309336521,left
3699,0.3727693406020385,0.6076598044826256,-11.36975201186762,-1.9666031371708708,-6.867082514752037,-10.075652744930713,left
3700,0.55165869336063,0.8177347888540785,-10.005968435387993,-3.402337651633415,1.9206864211326369,-11.689962509269238,left
3701,0.8221049639462421,1.0746944845987096,-8.871532664051173,-1.4175231987830328,9.907485344877637,-14.466025044781865,left
3702,1.0447468842475476,1.3003442831956444,-9.032298526737119,-0.5625708489822814,12.982685719287113,-13.731221986100378,left
3703,1.220808935500729,1.450009403140633,-10.159123849223421,-1.4893464566626582,8.694283287746737,-11.721224120082072,left
3704,0.8927963499281613,1.4912269032365189,-10.017956609539404,-5.230042546091924,2.5056479919443433,-10.284104200943375,left
3705,0.8480575977333289,1.3577805871527797,-10.130623452073127,-5.124829169326293,-4.801448540723039,-11.194965114390534,left
3706,0.5148861586416373,1.2177240348824816,-9.97990053605002,-3.405859205974623,-10.370568407380278,-12.170002771696232,left
3707,0.11860730284832766,1.0183441361774697,-8.919381231561136,-0.5843154847979735,-16.559600300563172,-16.603909854232786,left
3708,-0.09134802785863849,0.7298466357315079,-7.973320861222378,3.8788438398912772,-21.369132656750242,-22.05083059984476,left
3709,-0.011336189797633622,0.45890045949346236,-7.45709510047599,9.19573459710913,-23.030817654743757,-27.329230436065416,left
3710,0.2591822197178737,0.36090105916016757,-7.257884716960528,12.89022981556248,-21.144062663792795,-30.20301385112697,left
3711,0.5378669326962455,0.2826773237045692,-7.321360176027276,14.174845351837217,-17.63610036896963,-28.8355723404545,left
3712,0.7151293239924654,0.178480974481397,-7.446304421845977,14.370186196873703,-14.701528310704472,-25.901115190187483,left
3713,0.6221001641050639,0.13533055551098835,-7.225162209327884,15.29436929856644,-12.089119922030479,-21.898254462682846,left
3714,0.4735123086213693,0.04749658181806132,-7.5522957636225785,17.663526258762513,-11.721274845572045,-18.41581198254088,left
3715,0.4692912782454002,0.015545586737789135,-7.823485366806059,17.696814075488113,-12.080413802259608,-17.32711823521386,left
3716,0.5179878996297334,0.01200946406110559,-7.926548214254477,17.73502169234664,-10.318441505351625,-15.741457717508094,left
3717,0.7600096640338339,-0.010257152622693416,-8.7727109287992,16.741922110888638,-5.819355113954409,-15.243398125148925,left
3718,0.917709313258749,-0.06286769958099796,-9.914895024310917,13.436495970677855,-0.3826434330239748,-13.772522889113008,left
3719,0.8175473368905406,-0.11450137794247406,-10.056241406953166,9.231067591475872,0.6187658448050518,-11.534820838027516,left
3720,1.045602954451335,-0.29510727145354165,-10.969431762134764,9.534452428429077,0.21598174905625758,-9.098573375674565,left
3721,1.2563047779732512,-0.3498274429412235,-12.256443021717377,10.385682362387948,1.0170503453383732,-5.293759091950152,left
3722,1.4008562958965727,-0.4051480949842956,-12.50040647371152,8.59813240437883,3.7500540779826372,-2.041508174755008,left
3723,0.7781107960539311,-0.4633954067941598,-12.508906320638053,5.889215022790221,5.539126998528279,2.0879997241599897,left
3724,0.98734981877837,-0.6521257166808794,-13.854199334177675,5.204025051253586,0.7873796825748609,4.767890669104032,left
3725,1.0687146826867173,-0.7879093670821777,-15.841811144165009,1.612369207579143,-3.080431646569001,11.894924273675496,left
3726,-0.29378891781262917,-0.8937308389073001,-13.178611515641872,-7.803784123368118,-9.634487905282704,14.785765631925733,left
3727,-0.857225206161373,-1.3186911041351228,-10.978672863937291,-5.460953343365032,-9.325791154249066,13.66710579983034,left
3728,-0.8992927581693233,-1.489745899478535,-10.129423704150799,-2.8254814827951935,-3.033676194722535,11.268527296059256,left
3729,-0.3517360715834621,-1.511097228665371,-10.142643522844791,-2.38301308277707,2.8798733405526957,10.315316286991777,left
3730,0.15606412184804874,-1.5632035775040884,-10.599592581725291,-5.319967684030225,5.2315591395947925,14.0294632627132,left
3731,-0.041664638911620866,-1.7931138210582418,-9.86314284458785,-7.644065083294163,3.004624183659544,17.875053328441645,left
3732,-0.1522340372443396,-1.928744787432824,-9.521215734740531,-4.423440078559951,-2.6390635484542377,17.459464645401276,left
3733,0.12570776466172662,-1.737007288512603,-10.76306422617311,-2.1802525157048223,-4.994658954467055,18.472573228601092,left
3734,-0.12010310481300213,-1.4020924655478164,-10.0645142930058,-9.072788389926064,-7.995969979309175,19.949792028484516,left
3735,-0.08858028585022559,-1.0908390522155902,-9.003622544482281,-15.115557600679164,-10.73240235913289,20.768037737643365,left
3736,-0.13889201408714813,-0.819796555102192,-7.996521562558724,-19.985932403600575,-10.927935800144708,23.36608031960957,left
3737,0.04039887289014743,-0.5747862687864571,-7.333965510244491,-21.14240471696813,-9.374660218813167,24.95535389721121,left
3738,0.11584174683763249,-0.3353450232153099,-6.714769477996007,-20.810387453525294,-5.112198203612886,25.947414766689374,left
3739,0.33767997932890736,-0.17853823424267062,-6.5483887444139,-18.66801906327609,-0.33108121490773784,25.899227959638456,left
3740,0.22063945140779495,-0.005356046510637036,-6.448486792670409,-17.360101958007956,3.9639206368332887,26.72269988906535,left
3741,0.16841706438248094,-0.0274850762971513,-6.712511473091675,-15.940356661707039,4.2817162068941,24.624726936058007,left
3742,0.16670604362934371,-0.015726069582869484,-7.297551098403793,-14.076902496127058,3.6983170152536484,21.537162475596574,left
3743,0.3005534756865247,-0.017521269342984883,-7.859161568092132,-12.859416237440074,3.7576395535868654,17.7839874337587,left
3744,0.3199360071158437,-0.09215338106267226,-8.246352056097217,-12.274798506190812,3.3699765995927775,14.77750442646675,left
3745,0.4344131833048559,-0.17136360804798925,-8.913627760018985,-9.711939998059533,2.394493531260987,12.561067513242113,left
3746,0.3373176285337829,-0.26554935003755836,-9.44210551194542,-6.637993070942768,1.0848949147282803,11.640456827226,left
3747,0.5162631007198564,-0.33017212070894464,-10.502390935646888,-2.264831752354994,1.358884756359803,8.348688672238067,left
3748,0.6233639060609488,-0.33008605446616657,-11.351758898226285,-0.001567530623812985,4.59542685129981,4.573610190132529,left
3749,1.4156026974513125,-0.1782312760235419,-13.300516747897515,2.9201551167614204,8.62068138975628,1.7541220202311911,left
3750,0.8325408000191716,0.001058300413412927,-13.018327590303658,-2.282480604709961,9.62890079732694,4.4351790874576436,left
3751,0.745538597865036,-0.16845625786827645,-13.578926055224503,1.2427259894865375,3.065602280097528,1.7169163280671254,left
3752,0.7104411041991971,0.008915306046580751,-16.711261306725095,4.45046955105566,0.5806357062356435,3.007050209022011,left
3753,-0.5506420373194065,0.460855872238873,-13.532880889255823,-3.1975266787614594,-7.932935016574812,-5.600118250439978,left
3754,-0.3392876646397962,0.8743444209811387,-11.278161056415554,-4.15264681879331,-10.176263247514337,-12.593997081341868,left
3755,-0.50141502055705,1.044261790121771,-9.696942584884193,-3.7085799555222225,-4.7397404549583,-14.786306619138792,left
3756,-0.1724678679893068,1.208398167237023,-9.48052118845045,1.3017138396379915,-2.1796112850120597,-18.988878581225258,left
3757,0.2001026741702261,1.410563247501949,-10.005380677274083,2.754230507593351,-2.31221224377096,-21.140396826433886,left
3758,0.301088905493458,1.581690341711338,-10.717645363325998,1.4843661987195391,-8.468398304518747,-19.814589298852518,left
3759,0.00035778037019129627,1.520652034193839,-10.14896108897722,-1.6883066263553674,-16.85578525906903,-20.27418981886424,left
3760,-0.23741400088999676,1.5289660767874194,-10.373021895685321,0.2117615640495858,-23.168291132706404,-20.257591557334237,left
3761,-0.6998398828027668,1.4328988987504245,-9.634552153625243,0.20519756762935426,-28.922216951824055,-21.1792561851939,left
3762,-0.9003104944399429,1.1626311124000144,-8.493119987173387,2.6274673018208823,-32.12379667488211,-23.823623756411557,left
3763,-0.8812918221750357,0.7271977091821201,-7.291833812795811,8.041090534709879,-29.28596006115928,-27.35357792970079,left
3764,-0.5990831957382274,0.41559696558390585,-6.982315438934938,14.13233816696275,-22.05732617515574,-29.750309582487635,left
3765,-0.4454788786354731,0.30734399109620275,-6.889079763190112,15.274029319487138,-15.240453469610832,-29.93477641559282,left
3766,-0.07067201486456853,0.33153424231858064,-7.044969788327982,12.877548492845767,-9.843088372425038,-27.692556567136464,left
3767,-0.1276895691312232,0.24750602371028635,-6.779703657078471,8.640499737442079,-7.459755678266935,-23.98201657204314,left
3768,0.015252009596515625,0.32319366307536146,-6.889030219321238,9.101995879617359,-5.268672197304028,-21.881239447216103,left
3769,-0.04584640888399227,0.2844326703785945,-6.758264519214951,9.560388442196857,-2.6689390068029417,-18.571929156416815,left
3770,0.03000177063139242,0.2770397526177042,-7.518229125035564,12.870055971305579,-1.23135427101256,-15.670938039022332,left
3771,-0.04453104056027435,0.2585738092890132,-8.157096881573771,12.584729750230924,-0.9110970071425598,-12.63311482153349,left
3772,0.20689811737253816,0.2430749036055947,-9.430947137407099,13.147547390236296,-0.8879413857545115,-10.213651452266427,left
3773,0.09025328160405621,0.20403769260448532,-9.992320304236834,11.459383856148968,0.8072231984055531,-6.761780747178563,left
3774,0.09341606049592022,0.13220888970604627,-10.277379772108675,12.701252310395256,1.804155347985021,-5.194763389085373,left
3775,0.2615141205338394,-0.0025267120927973674,-11.923485042882266,14.906286187644943,3.373409421874148,-1.749251107795263,left
3776,0.4707290320975295,-0.08435560525762303,-12.60630329710912,11.624871842134239,7.518790029866315,-0.22478690385087763,left
3777,0.3127097018124516,-0.1849045044909227,-12.28054386902203,7.949419556709805,15.900262452612726,1.340318680309444,left
3778,-0.3076656716816526,-0.16279788547595286,-12.772268228058085,6.168582194362788,18.055700067067907,3.1578684342995564,left
3779,-0.31405764941647396,-0.306609928593936,-14.076899828176154,2.9792886009002775,9.87804980028549,4.402220398055729,left
3780,-0.43161258180784845,-0.4218850992418324,-15.90864994675655,-0.4173740208825163,0.9294077661061287,10.73749640097858,left
3781,-1.6138373308558598,-0.5124603527156061,-12.057945962147208,-10.072438999466645,-2.89878912167233,11.746228067565347,left
3782,-1.289105606947527,-0.9731221595558474,-10.44543044206914,-6.0973575986791,6.656613567424295,9.156311154013649,left
3783,-0.4827541999178542,-0.9989763439149659,-10.49165705353178,-3.710526397198001,24.0061997810887,8.738435459542885,left
3784,0.10119629468709102,-1.1065373752945549,-10.778008181302194,-3.829579003673423,32.16299071494072,10.59753168827028,left
3785,-0.011980045766718739,-1.259090531580488,-10.69162959577247,-5.513997563347149,28.66955097978415,14.30296988851656,left
3786,-0.1994259485431451,-1.4075740809149861,-9.97675071650097,-3.2759249308237037,16.339193623711367,14.803040996728775,left
3787,-0.18238836534221603,-1.4105026922225834,-10.777881124645798,0.6602993996960738,4.838245160925577,16.457712136709134,left
3788,-0.4086471258005786,-1.1792238440782625,-10.486953160013543,-1.2021466713620015,-4.276875045667471,16.929202315255274,left
3789,-0.6843098581297884,-0.964689150696332,-9.219983239721,-6.83703508731799,-11.918858836656812,16.697343572492514,left
3790,-0.5446829047036417,-0.6776666800211697,-8.507463702335238,-11.590686470238637,-14.445926832994036,16.09838306622893,left
3791,-0.5537459051354303,-0.4363923003257105,-7.417749266889065,-17.1757717777702,-11.676694888297124,16.160601878866625,left
3792,-0.3871331042852615,-0.3359801190358474,-6.563982240960009,-17.47022647719442,-6.535013574921928,13.00182501418374,left
3793,-0.06276568436884244,-0.24397590434978617,-6.228816578176331,-15.092097555228992,0.3496004517452953,10.085088704857377,left
3794,0.4171615017262249,-0.1976674988422401,-6.646422444872049,-11.36434075654738,6.261252704565195,8.309979111693051,left
3795,0.4956723989732217,-0.07401833910734537,-6.762637551698312,-11.408423909960705,9.822146557891607,8.614455097207772,left
3796,0.5360244810674122,-0.0697984512997743,-7.160095009657221,-11.757980429345654,8.625619683821379,9.00777239183742,left
3797,0.4016246627845661,-0.11588393251631139,-7.510301186134382,-12.446513384857779,6.232407231126563,8.736023197774212,left
3798,0.5281025039014209,-0.1298884432416238,-8.414951919773172,-10.879783875084089,4.850747019966691,7.913104097993896,left
3799,0.4127521904515774,-0.03931862217449009,-8.512184133181668,-12.441241088563768,4.183989254329893,8.707184903816621,left
3800,0.6328707013346584,-0.0490048378190968,-9.29709363140413,-11.051366627906386,2.52902123251884,10.02600633983192,left
3801,0.293991304189551,-0.029121385080487283,-9.8398046266032,-9.931907194845284,2.376681091497861,12.934083857958814,left
3802,0.3106337659572862,-0.010302923584656898,-11.039684580849158,-5.66568623074572,1.1051320963329825,12.461349695528,left
3803,0.03922064717137097,0.02019852508953457,-11.856443624631154,-3.462942094951545,0.37333003928857067,11.838656945683365,left
3804,0.4434598064974309,0.05784032404462494,-12.569454992276054,1.3721736086920273,0.347122080082388,7.211531077117354,left
3805,0.2949334020539913,0.31227300332435043,-12.201166742288226,2.5035850674898716,4.765847910237812,8.250063172447407,left
3806,0.692598848633502,0.20163335049953388,-13.42400755254496,8.02855257949814,6.646555102664939,9.622617244597203,left
3807,0.2828702190014374,0.31545456244886244,-15.882818261829343,9.89850471809672,9.418540748087969,13.932091199900412,left
3808,-0.8800933566964995,0.7461340823579635,-12.29643432094856,2.509376309965416,3.7674213210268657,5.625150506743594,left
3809,-0.6147368725173838,1.1173538253596507,-10.85921700703701,1.0854114024922423,2.969446441802598,0.8999645106115733,left
3810,-0.5062041531326571,1.3422089039793688,-9.924607839212017,-2.4106528588800944,8.320075280541092,-0.2691419745449358,left
3811,0.012251776785092261,1.4982988812843905,-10.62377945737979,-2.448348987450069,12.540763920140858,-1.9486331557105507,left
3812,0.019411804741783723,1.6539539212175363,-10.675536696651351,-4.739539803005683,11.60666057050699,-3.687186483507165,left
3813,0.025737177084828033,1.628705944411173,-10.271717741415559,-3.709767100658948,3.629516081403921,-5.797840774499458,left
3814,0.09772194285074276,1.532103637317859,-10.523682853142411,0.8271366744703057,-4.683190423183803,-7.536080745072158,left
3815,-0.03458980996816363,1.466046611720561,-10.374240537906664,3.2890233302536727,-11.13027806814321,-8.114612042830696,left
3816,-0.3860177461971257,1.1936690058028134,-9.071494016248279,5.2790520099115925,-17.457591326820854,-10.964167114153245,left
3817,-0.39183674020756243,0.9218334799193213,-8.2560195899873,9.280081671464206,-20.23244920593625,-14.410444282876107,left
3818,-0.41413374176006545,0.676974197191824,-7.349757891683953,13.385941956093177,-19.149448834925522,-17.3677913124313,left
3819,-0.36744543100742155,0.4293401798607318,-6.756372831911506,17.861413644546708,-16.29737651040443,-19.59611499617479,left
3820,-0.22854064299631904,0.3149702082325533,-6.479356309124508,20.851809034541677,-12.63841928729461,-20.88574376113458,left
3821,0.038848836241780704,0.2384728059372649,-6.753991208589939,20.713390331623476,-9.686078532968128,-18.559119350080238,left
3822,0.1255534476442406,0.05400580648858236,-6.9265679798388735,19.43994867606406,-9.27597101683977,-15.053348058359472,left
3823,0.21731853087821174,-0.045884314818736865,-7.131232032589545,19.81526610372167,-8.754194268393693,-12.224406301879874,left
3824,0.30859836506086347,-0.09874029631822731,-7.409144199169441,19.843660683119793,-7.200897064076317,-9.285230122002844,left
3825,0.42013112096554384,-0.10657835698477547,-7.845623380160643,19.216007782045462,-4.425284903891628,-6.520309981907914,left
3826,0.5345234822035585,-0.17008696550440175,-8.86068033390821,17.477007718494544,-1.7572098886568326,-3.742145198570838,left
3827,0.28141837964924576,-0.1420537788172687,-10.185634813087187,13.913479286812896,-1.927034849508055,-0.5351418414627926,left
3828,-0.11455546704122765,-0.08807149360823503,-10.04656560740949,8.494150585953243,-7.087856882975191,-0.3059216685902113,left
3829,0.2855031067008138,-0.22650099501491996,-10.949290101363673,8.41691314788481,-10.35712695764263,0.5233172691677122,left
3830,0.5268075938862098,-0.33820945779408385,-12.3233246465004,9.163887375548734,-6.950850975865896,3.4226690497582077,left
3831,0.5900510398124896,-0.36777197381263094,-12.303704608027312,6.014382835360173,0.7985478262910025,3.5620276772165447,left
3832,-0.0037498965642677184,-0.39655004713414166,-12.373469388233636,2.99919737236026,7.11092080460873,4.466825696445776,left
3833,-0.3734003655462894,-0.5247833485293476,-12.729498129368181,-0.01779369864059399,2.854672186623207,2.3382594227765487,left
3834,0.041355012688405246,-0.7520291586439714,-15.319330174162351,0.03968069154057474,-4.343111975594915,3.7978953791984034,left
3835,-0.661007463771718,-0.873433037051517,-13.978411638071671,-6.745339109802591,-8.369667397594942,4.713394612550026,left
3836,-1.1942024591945537,-1.0792921020950557,-10.938603070200013,-7.802213206967229,-9.42986594301407,2.222964981958644,left
3837,-0.9006997846864722,-1.3724563029740402,-10.6868398777185,-4.423673905886691,-5.065926162088956,1.5043850169851558,left
3838,-0.5716091108139949,-1.3934537668736826,-10.372178519757558,-4.448903541281395,0.6320919674683355,-0.6303920759787882,left
3839,-0.13803301663024525,-1.5025746046779322,-10.4006009972405,-5.5492947842659675,6.6431826680296515,-0.03352165372430416,left
3840,-0.4392041756113265,-1.7832487028092083,-10.143408063079931,-4.126238078271934,8.384236292794153,1.4006344103235264,left
3841,-0.8070065885105202,-1.8640956897970518,-10.09060629265123,-0.5691968657264077,2.392703019584205,0.6413372043897225,left
3842,-0.8013898349493025,-1.792893104800422,-10.956068292933084,0.37138068154536297,-6.111169740596033,0.31814079850793375,left
3843,-0.9220001035549443,-1.5549294003341172,-10.4799180272968,-6.4805548807898035,-12.704507460293195,1.7238493190021877,left
3844,-0.9439872014110837,-1.2526078991430842,-9.212554890866796,-13.420699508074451,-16.035109167577982,3.023701157044313,left
3845,-0.8076853864245503,-0.8489223750301313,-8.502140275930214,-19.68044111011712,-14.26012871465302,6.255160413325901,left
3846,-0.7155586096352504,-0.58693850039635,-7.463705151717695,-24.808348654795203,-10.316199713403309,8.846047836801148,left
3847,-0.5696290693358268,-0.3914041626795222,-6.58561189684616,-25.1420316214843,-4.999735125671851,9.10380412559673,left
3848,-0.28118616191360757,-0.27833465635505433,-6.245552117919208,-21.562501686923248,1.0797929825553167,8.196193567777764,left
3849,-0.07943679341826693,-0.1566617272133726,-6.271347137751947,-17.975354618822642,5.66017762935999,7.468542704824561,left
3850,0.07527651353894216,-0.04442418555961586,-6.5602744644708775,-14.662582664539432,6.177698663811615,6.195784367539771,left
3851,0.10869385961522315,-0.0045639879048145204,-6.8546132358125424,-14.524660233520141,4.07127127640406,6.651766128872646,left
3852,0.04067741074756448,-0.08534103320723324,-7.213148287169876,-12.969691001544975,0.8389335456637314,5.727404056465073,left
3853,0.012385429691315508,-0.09198083511672056,-8.414722915682516,-10.793608632547539,-1.0785891963182588,5.44299366075936,left
3854,-0.19305119720948438,-0.1331778283209641,-9.21218414813058,-9.756050588611895,-3.7964216065405707,3.8122826078827314,left
3855,-0.5121144152528072,-0.15221774679835634,-9.794993098299816,-9.440699325523935,-6.069632287877183,1.6920705504583302,left
3856,-0.437693326637687,-0.29657014382898167,-10.661904509277422,-6.670562455743542,-6.517001053279838,-2.3979235968377237,left
3857,-0.3782374680271854,-0.25399460721901224,-11.364206250907504,-4.940685060503453,-2.5188023184659567,-4.416906015129081,left
3858,-0.061536714860217945,-0.30020673429796063,-11.94951373652724,-2.5623517957152564,1.0219133172337005,-6.984398540677237,left
3859,-0.028354234393041633,-0.0007871734929171537,-12.505826431295601,-1.748461086137898,7.300582712814274,-4.611893320267736,left
3860,-0.2605785597074042,0.011177281404317396,-11.977246106019372,-1.3662754604393408,8.726394067763758,-4.187814434747162,left
3861,-0.11342972085150294,-0.042160303143412764,-15.306665693565444,5.624763251456007,9.61728109678107,-0.41405412459104185,left
3862,-1.287834192258095,0.34626154378432483,-13.125222873479817,2.6148734872525767,4.963745431523277,-6.414875069757899,left
3863,-0.8902022637189599,0.7921742572975492,-11.961899423513893,4.465201259334421,0.3945087709664597,-11.716009098438187,left
3864,-0.9574309827911311,1.101905714310347,-10.888554179311072,0.8888130806699142,3.414495529876084,-9.808696780630049,left
3865,-0.7016441708624579,1.296894035526125,-10.38701627365115,0.28909076613809637,5.452372639478683,-9.391969772423497,left
3866,-0.6094464624286715,1.4757752200236307,-10.539577570632455,-0.9852324896556774,6.053786756577626,-7.241013331143295,left
3867,-0.4371277742725832,1.6310298506038967,-11.101690242560625,-0.8259428916098444,0.9525293357677228,-5.864824249228248,left
3868,-0.7394039930716172,1.6525220121480464,-10.690158800964554,-3.1404577133358123,-5.738064746356616,-4.842335840849804,left
3869,-0.7939724180900982,1.4927007373007692,-10.301770706268005,-0.95501830341116,-12.068537384207946,-6.54704035295367,left
3870,-1.065291916896475,1.2759182406575587,-9.630799523859428,2.1175965624158057,-14.37003973759707,-8.137002310123739,left
3871,-1.1757372782450202,1.0498072199879487,-8.381247122374644,6.52661994700949,-15.568992581392934,-11.882943250800192,left
3872,-0.9246499628764884,0.7135007179943001,-7.490590502679433,11.52859241296026,-13.286452074834232,-14.449378884698124,left
3873,-0.5744480010987216,0.46157102606327366,-6.95398297687454,15.2385732415994,-8.024563815998732,-15.638696513883048,left
3874,-0.31193323180788224,0.23408954801162618,-6.518444843077353,17.219724255477672,-1.2941730355623717,-15.205865371395635,left
3875,-0.01658711938835511,0.0727173953673781,-6.705888334505264,19.218472427789873,3.35674800715953,-13.889253703062748,left
3876,-0.015571105566635879,-0.004960935344335865,-7.263711672520552,19.145567875408855,3.565694285208566,-11.889195218895726,left
3877,-0.06930582754283421,-0.04888855064159621,-7.777355799535947,17.82976115973257,-1.363219993575395,-11.222372796727665,left
3878,-0.19422784054714137,-0.09737969132453592,-7.7429577620703665,15.319819235147142,-7.222162151139248,-11.443003532316297,left
3879,-0.05807250505249817,-0.07368197968405939,-8.076110871080166,13.74392869599863,-10.228015315573735,-11.59341109542165,left
3880,-0.19087378419220036,-0.008729374746235558,-8.39436526872462,10.813711219298181,-10.64285612622642,-10.287598243754745,left
3881,-0.10098570756147396,0.024437015423951047,-9.261437257575476,9.476979110359583,-11.654824796308844,-10.449446641621845,left
3882,-0.31946180132655977,0.03879006300561011,-9.832621590438407,6.634424556993595,-12.736965819743148,-8.754326568482536,left
3883,-0.37036947442482226,-0.01621798201686464,-9.820567539349808,4.890188377910732,-15.690814823043965,-7.361462130437976,left
3884,-0.10097018647179956,-0.1102682412541069,-11.376207850862587,6.5604821177453125,-14.870127228709588,-1.9500827920045225,left
3885,-0.11792123162639712,-0.07815997257072622,-11.988100469990693,5.6011781032597865,-10.31697206785663,2.5807004057314282,left
3886,-0.08615486195699917,-0.11401156896599667,-11.983285110837269,4.327179700376225,-1.7732391570456574,4.334576046811141,left
3887,-0.8253226388848973,-0.1433014836776763,-11.821856317290178,2.64597828444988,6.0649929260686015,5.664649656536901,left
3888,-0.9740479175700378,-0.2500966788369927,-12.923377974880758,2.4668993303608935,3.4017372391894662,5.116355677212233,left
3889,-0.7924957091296854,-0.31672964640293405,-15.856071798333021,-0.6236984046468161,-2.526147518128204,10.705415049902255,left
3890,-1.7450551044052176,-0.38391341621060726,-12.65866928904525,-10.196485841836374,-7.27707287221456,11.863694325564515,left
3891,-1.8687974356628732,-0.8008262847190979,-10.63400285169691,-5.316782683185522,-2.6444578613292324,11.81626554035186,left
3892,-1.4172121630183603,-1.0073329225927101,-10.5356908958544,-1.7052692735705675,5.9274090204453485,12.639465580600401,left
3893,-0.9811958669359764,-1.0787242026082433,-10.427284700904089,-2.3377199452911688,12.366497154643321,14.932685782585601,left
3894,-0.8297520816353807,-1.3844574095967874,-10.020404243514323,-4.697805754906939,15.804606687247361,17.076367587232657,left
3895,-0.9728564600062359,-1.70923762358416,-10.074359022100326,-0.2170982897643059,13.826886072338532,16.329159023846756,left
3896,-1.357732889640907,-1.8834715456628002,-9.836176529279815,3.108191692706203,5.837789891968468,14.378516706124316,left
3897,-1.3484359112408622,-1.9008590399535927,-10.722461792010254,4.759489129550935,-3.9244979153565955,12.085961120866065,left
3898,-1.698746356346211,-1.6341849950133955,-10.365217678208577,-2.8730879312720488,-12.07958125656157,12.412579734036559,left
3899,-1.7843614831879884,-1.3332271930669555,-9.057103484025143,-11.496956873905631,-17.67404173805071,11.628862784893375,left
3900,-1.669210334192683,-1.0444666121234532,-8.318490773135585,-18.537077105954523,-17.170864391806788,12.344199300550581,left
3901,-1.4046439108317181,-0.8042214471480379,-7.337948616826542,-21.317948164795457,-11.879141571368029,10.862921476948715,left
3902,-1.1216755410789137,-0.5637292182704232,-7.159183664679133,-20.49940511227773,-3.7266252172184458,10.855122290647138,left
3903,-0.9072997270761762,-0.47175106424703706,-6.8630455074730605,-17.91551352910744,2.1734488063426745,9.728424339948038,left
3904,-0.6940618517376103,-0.42169811214899877,-7.430913108265278,-14.295371717151573,4.9231883810224595,9.79544416635045,left
3905,-0.7322978386926251,-0.4251691940999471,-7.391250278225966,-13.337355136098282,4.618271774892779,8.703799239989529,left
3906,-0.8579144027262315,-0.5301988006882131,-7.6479935284355856,-12.706821007342223,2.586915783716366,8.266894392209466,left
3907,-0.9030080339216902,-0.6297430301219665,-7.842358491811291,-11.31428997267557,-0.11279103785692941,6.397646315631762,left
3908,-0.8131491656076375,-0.6290331668774312,-8.580060635961889,-10.524449172673764,-1.8390444142036073,6.582677221189108,left
3909,-0.9226924877744653,-0.6123521696170684,-8.551199089830387,-11.88922523953403,-4.264857470374663,7.3738500130724685,left
3910,-0.9162234055530138,-0.5789052038318526,-9.203776468093174,-11.88250018204609,-4.509940826128089,10.43517866020913,left
3911,-1.1227099118393595,-0.623988136023294,-9.027981723276344,-11.414324623558025,-1.7973047367457353,12.416991565148319,left
3912,-0.9625740095686388,-0.6716375556583707,-10.122468660113709,-6.995564972498498,3.484548605060391,15.156823291515048,left
3913,-0.9676442299835775,-0.6933100282730901,-10.367658846512196,-5.07770489821427,8.692060822461167,15.996405247386324,left
3914,-0.692860992490707,-0.6751218225413096,-11.1084783284691,-2.1348999634734938,13.576311604570387,18.602807597196865,left
3915,-1.1923284208525442,-0.6269414003629475,-10.31599475547486,-2.420678751936796,19.77778032585188,21.378423101705916,left
3916,-1.01785364262952,-0.6314662830443414,-13.223682077952438,2.244643708599024,21.998937715874423,25.022763587344183,left
3917,-1.715836601524288,-0.4231334517373257,-14.15344723519892,-2.7673776812479254,17.652377496206142,25.95917229161669,left
3918,-1.4652084742936435,-0.08419208885598692,-14.325432571424678,-4.348866657640393,9.4271369107409,22.97851116796677,left
3919,-1.1847452608170501,0.23279357655996383,-13.664485470500653,-10.605858276354143,8.637572364484624,26.578235309426386,left
3920,-1.2012373937708345,0.4697159364892056,-11.718741042707542,-13.724825897200342,12.106997783833966,30.15193503763076,left
3921,-1.4408086351709093,0.8158567432937798,-10.472473080803478,-16.77854818278582,14.218098943735383,33.832134501208685,left
3922,-1.275826883457698,1.101558393377595,-9.514090761893438,-20.69589654539598,13.12298857686706,34.88888237977266,left
3923,-1.479949272157043,1.166732087459229,-9.52874551220374,-25.28322985143049,9.576487626340569,39.43285838445196,left
3924,-1.401781609034067,1.0288049472695324,-9.418506942999823,-25.838954143504573,1.2506125884673982,37.72005454118318,left
3925,-1.2856539651587853,1.0834535053876695,-10.162932808952887,-23.231671776207808,-2.502613340789735,37.90823479816101,left
3926,-1.50443686140152,1.1527410953176198,-8.9169977449919,-22.67936748464485,-4.497829413017781,36.84646657320002,left
3927,-1.510474044571422,1.124688633905108,-8.903647848497627,-19.591226049377717,-2.299944155696852,37.944471848225106,left
3928,-1.6266728838114122,0.9778376682701134,-8.426688901094936,-17.151822304117328,0.4915068493378949,39.13167997672464,left
3929,-1.3950583458912753,0.746558941081931,-8.619011914963835,-12.19434990420471,2.686960589849314,40.63833556486503,left
3930,-1.0933314609345914,0.6133384289291748,-8.79943857866081,-9.401374994272969,4.2256009720362275,42.980225838761974,left
3931,-0.8444028769707472,0.515420155928008,-9.093135801990186,-8.348995494447655,5.451575993101978,47.62636014793192,left
3932,-0.7007908108568177,0.47071561606325074,-8.941951798876701,-8.854485912725883,6.225004600991065,53.04543423371522,left
3933,-0.5410490319836496,0.5562702002207227,-8.917232995023237,-9.800067414161958,6.974347014179362,60.45417873437299,left
3934,-0.5412834910395525,0.4733605390815957,-8.708491791716899,-10.456136347237162,6.771263932508264,69.67765967125395,left
3935,-0.2076742880238176,0.4181704308692452,-9.176266164538255,-9.316643090327414,6.61426355254457,77.52254094675034,left
3936,0.2770827356148384,0.4875717173883415,-9.368451156155025,-9.936516977160327,6.9565049755091986,89.85967235765317,left
3937,0.4239870232975069,0.38817611226293575,-9.350708870114472,-11.978673903492766,5.362187774531208,106.90183632814545,left
3938,-0.051171366653723016,0.24970569140897605,-8.817579692581505,-11.71971296234873,2.677954026443091,124.15672153579399,left
3939,-0.07254837642322753,0.23814902373251476,-9.488603806910428,-7.968805752932305,0.3627006641446826,138.14866445780743,left
3940,-0.06544720741385746,0.3124206087683911,-9.674475806099425,-9.688857441752944,-0.9686479965616286,151.5661180668258,left
3941,-0.21926414558145568,0.13885174378003545,-9.573224491527561,-11.617804925478616,-2.028606219108755,165.31859126148305,left
3942,-0.6910483399624101,-0.029268985433668876,-9.533150140044773,-11.118990717828645,-2.065327359690417,175.41238543081184,left
3943,-0.8008153046192468,-0.04575970818596513,-9.751853764050885,-8.82877155365422,-0.804914744904234,179.6187003716054,left
3944,-0.7494839812104752,0.022669167779335614,-10.017472492535264,-8.908980386084586,1.586583271931337,180.83512711793622,left
3945,-1.0486173619261088,-0.015663777586855,-9.614299827118117,-10.401445666770279,2.5445601654648224,182.40607588098212,left
3946,-1.4806255520794127,-0.11154269136414433,-9.900000251136966,-9.925166050304206,1.1097692538874702,183.56659669071286,left
3947,-1.8039439218375053,-0.07916910523824983,-10.4747935562905,-9.76919982894087,-0.27205383495576907,182.98857259702442,left
3948,-1.6122422991381309,0.0047547884536996154,-11.186169099239141,-12.290176302300736,-0.785258976795733,181.10628384109125,left
3949,-1.5050378775349293,-0.19948051095442368,-11.870145223079962,-15.790423574338114,1.4547614064403893,180.74223356644308,left
3950,-1.5989856366030768,-0.3451007275259168,-12.693885215687123,-16.202494660863373,2.6003891961231083,177.80356470275208,left
3951,-2.248912906583413,-0.46125732903569555,-11.617049881743299,-20.73549573484884,-0.026413723335653394,175.18235668877222,left
3952,-2.9212602741943203,-0.8598275258497385,-9.027893837667957,-19.42175122562839,-4.47702080663586,168.49631953660997,left
3953,-2.7684279305437123,-1.0384284010812863,-8.906600650271622,-12.72783454873219,-2.2320821994098106,161.8534793811953,left
3954,-2.9461810278775853,-1.1165691993168712,-8.075978784159487,-10.966442239919715,3.314944361996134,154.76454973271882,left
3955,-2.8430856432508076,-1.1776748285143996,-8.360662565727589,-8.710163210128613,8.526413099563506,145.00849088158446,left
3956,-2.812202810310815,-1.2436437992303633,-8.839287220522106,-8.76396372070758,9.78396057682148,134.0260723520321,left
3957,-2.7568247896784994,-1.4434656315464243,-9.373130454245455,-8.28333610560496,5.739160638851576,123.62248175723896,left
3958,-2.9091778727627484,-1.6841213603545293,-9.542269251209158,-7.564215873786022,1.2903973293505606,114.55672223316355,left
3959,-2.928992276028961,-1.7076250610529395,-9.791273289294809,-6.567855565774888,-2.3828950428502154,105.28828473216872,left
3960,-2.8254502178887173,-1.653113230804397,-9.954782638467258,-8.926967185864555,-4.7118534729810895,98.76201222637056,left
3961,-2.8583496878674177,-1.7119673117029,-9.967829779267415,-12.75761010773169,-7.877413546629802,95.84018851406827,left
3962,-3.0107433506626373,-1.694410457350616,-9.811758245839496,-15.76949248388906,-10.655328541461142,93.96263783786011,left
3963,-3.1593577774790664,-1.6191121924660927,-9.882202471560536,-18.012712149477224,-10.193067079367184,93.11235124533589,left
3964,-3.425228725654873,-1.704455456370712,-9.49458280931866,-19.723898420877124,-7.780633184130219,91.90921157694872,left
3965,-3.270262241477087,-1.6987430189347736,-9.48538757671675,-19.46797308710495,-3.784756495611879,90.06594096574814,left
3966,-3.0605315034322613,-1.6391758425800422,-9.223181700782028,-19.732379667818854,-1.1575102240685138,91.4224026773107,left
3967,-2.954342990783267,-1.6097644505614481,-8.993830518710746,-19.813374085703035,-0.12994077647065305,93.08624173170189,left
3968,-2.7838437050118836,-1.3928246113528646,-8.872960763944588,-19.00943902339077,2.9368572348434334,92.54012282666946,left
3969,-2.656665811565468,-1.3004707239427906,-9.221743432060498,-19.361850366957928,3.192542930992058,94.20128862712193,left
3970,-2.875923679759715,-1.4096731745123694,-9.280408000770116,-20.483538068176788,-1.168234150173439,95.85640317454362,left
3971,-2.7875333668028026,-1.2448575374025947,-9.600042416006586,-20.405947689288556,-6.363547659453422,95.05143303925703,left
3972,-2.636860400265546,-1.073470690262096,-9.445338730539806,-23.864136027659924,-12.478115453297825,97.71981501865905,left
3973,-2.5613090353851824,-1.0041838725974377,-9.18767485359289,-26.613502351021253,-14.09763318464585,102.01109652241618,left
3974,-2.6515660849308955,-0.8502519299686534,-9.20308367326404,-26.5698968779517,-13.10558128479502,107.38364712484238,left
3975,-2.6942655921312264,-0.654971905431438,-9.428867235507479,-27.557708898982668,-15.026705248371384,112.6033147118111,left
3976,-2.8632521772358825,-0.5105848068011368,-9.587642105340965,-30.389448051520485,-20.39902514495734,119.76671037289228,left
3977,-2.9859747771558545,-0.3716387605462367,-9.824804023581788,-32.032665937941054,-23.550772807725792,123.79150904675393,left
3978,-3.1461921724466064,-0.1677144202177584,-9.285841020165915,-30.89204218074351,-22.902147830219967,122.58260329332106,left
3979,-2.7354425903613544,0.05924824146397761,-10.32260165913435,-27.090490907120543,-22.074434984653514,120.85954021402061,left
3980,-3.000139880809861,0.2708853359994342,-10.68712506406342,-28.905411866480275,-22.234285723175283,120.26244312300406,left
3981,-3.400786949072888,0.49400136729436117,-9.46254359318027,-32.07056884188063,-25.237748869627445,116.64069021791609,left
3982,-3.467764188075157,0.6356613529621915,-8.642545649144997,-32.237230763306876,-25.938328311803406,111.89020842096573,left
3983,-3.3674651134966163,0.6587109648966667,-8.40269698342525,-30.860938702669728,-22.336825186345607,105.27076460348137,left
3984,-3.194899669418734,0.8006730232911848,-8.680972785590276,-30.607025354285607,-14.784585443222653,97.84308210911823,left
3985,-3.2189413337461388,0.901223629295322,-8.929944245126663,-31.111067742628514,-6.980781548668558,91.44848122907345,left
3986,-3.3351435818100343,0.9998378624921459,-9.307402079188934,-29.36724612997518,-0.3751312627741895,84.77263246871757,left
3987,-3.307998803383428,1.1989009679737155,-10.443073961028011,-26.049112892985878,3.1498332565180913,77.63685689751075,left
3988,-3.0959391211275213,1.3979955039201635,-10.717725536227196,-26.405591911723455,3.166538193721081,70.7075615027697,left
3989,-2.8144881397770214,1.4436882717291806,-10.80199862653902,-27.920498051632077,4.563066707473871,66.19968379575144,left
3990,-2.899464628335102,1.5150520025594698,-10.479162576792486,-30.190015228852992,7.758289732185233,64.01679968000948,left
3991,-2.979067419990573,1.6114528506756591,-9.71838000843222,-31.7638694238246,10.060750385331913,61.75370931455529,left
3992,-2.8923255372020815,1.5444842373725716,-9.226366433431345,-30.236502729666363,12.559173934328872,58.054598856447285,left
3993,-2.7446217585370962,1.5634290536304425,-9.024137241902631,-25.930717557434612,14.599360587268881,54.37416601781193,left
3994,-2.4898028391781954,1.5407379797160325,-8.518455348203108,-21.675626592197798,15.240897656929103,49.815041953918765,left
3995,-2.217583487729278,1.4817016245451182,-8.653545715433847,-16.521219921474927,18.155917405776368,47.78675449876429,left
3996,-2.279661527013083,1.4035498581428505,-8.665949417778881,-12.71559565729478,22.114066585055383,45.86625861074512,left
3997,-2.153689206076449,1.3608349556630248,-9.100746735341408,-9.123875919794902,23.86382134655856,42.50857840110546,left
3998,-1.8937146393136968,1.4106185083561626,-9.393682472492817,-9.662971073793871,24.792778791844874,39.71556831257446,left
3999,-1.6266303368317594,1.4067629134675306,-9.341302357053612,-11.007963320424894,28.159346692880238,38.641950358414064,left
4000,-1.7098000614816544,1.3709919231229553,-9.544563201338159,-11.119115419939796,34.151758962456505,40.323780121617254,left
4001,-1.799888630055861,1.3048436301909319,-9.612730653821345,-10.77564894333088,36.41044791505732,38.53237076877169,left
4002,-1.6582445289200427,1.4114396388688601,-9.968540472380518,-9.69322798608528,35.511378401296405,35.228909091300366,left
4003,-1.3828697871593842,1.5453568098342172,-10.177736333274499,-10.70421827486228,30.975339676609313,33.15451307906676,left
4004,-1.2044750280818017,1.4947672511652268,-10.06081775267226,-11.464818797769485,25.908907919714817,31.7086149561909,left
4005,-1.0692360579548161,1.407693383541691,-9.65693992887126,-9.767357134949073,24.022033002874878,29.494477422031895,left
4006,-1.024907550358006,1.2791148750680907,-9.236771290918313,-6.1018020580670145,25.53484190379162,27.083050994057334,left
4007,-0.9476326009970095,1.1951439918428646,-9.397509432714031,-2.147900049329351,26.719132084888816,23.93293778407337,left
4008,-0.9563503652221992,1.0950953476579774,-9.534211324770334,-1.498486763066162,25.989582993705564,20.1231690801447,left
4009,-1.0482173853732402,1.0428123721005669,-9.718554364857566,-1.7932802249634943,23.017192813546153,15.921040908572385,left
4010,-1.1691038987877298,0.929599358834521,-9.5458433994057,-1.2993727256602705,17.902570244890747,9.326464565400794,left
4011,-1.0059330438371195,0.9099384191109718,-9.69214606280865,0.2508305762461065,13.48457117052715,3.1235126403148685,left
4012,-0.744058637662032,0.8704468108343979,-9.52429009484403,-0.5597021050305744,10.88617216464239,1.0865583369970309,left
4013,-0.5695758594390603,0.6463270187467567,-9.28245515842722,-0.8444337148337618,10.866493843289042,2.31813674518256,left
4014,-0.6623851307518991,0.3547957486870076,-9.069393279762075,1.1667612984778188,11.594031268773708,3.757816675079579,left
4015,-0.61897112134724,0.08466584798275056,-10.03376085221834,6.208710514447986,11.049690653795688,4.646148559009097,left
4016,-0.6524839652563199,-0.0206685127482103,-11.05711073116547,7.797777673134325,8.942357491770325,3.8895983078389835,left
4017,-0.9044917476035801,-0.017565670192889238,-10.617933433199157,5.263209073889705,3.892859255782252,3.7482486627130194,left
4018,-1.0169566663348122,-0.054498725201405085,-9.957274086850019,1.7610409838137089,-1.7848608108231614,4.359720794975595,left
4019,-0.9668934545975434,-0.12248428081746365,-9.750331171784078,-0.734603790320415,-3.9486735376569877,5.952368037876143,left
4020,-0.9594722049905067,-0.20531896682772055,-9.852905872460102,-2.4737953245077025,-2.817862380800628,6.181265285167104,left
4021,-0.8368781777327947,-0.27782580091595166,-10.295940094868666,-4.410319906226528,-0.3202554045790162,5.146722391861802,left
4022,-0.6067562690537844,-0.42784448466727365,-10.529762258937815,-6.359387668732889,2.3526547644387783,3.331510390261952,left
4023,-0.3668873176187377,-0.40851783336263536,-9.89753790117098,-6.93998105336014,6.681892930279246,2.0640690827744486,left
4024,-0.17254621151137162,-0.43234795988328006,-9.474919680069467,-6.415096223353108,11.220828422808216,2.5915728874824353,left
4025,-0.002685150113021617,-0.3815421799853408,-9.467290166908537,-6.119115782768601,16.558842780917153,2.713075255113824,left
4026,0.15040317163216743,-0.3407443327771174,-9.34376719799966,-7.439733706922897,21.53871874580717,1.6781914230901607,left
4027,0.3693974184336728,-0.23063003539638643,-9.202245588901569,-8.71380205590536,25.29709421978429,0.09868471684436297,left
4028,0.3590212159350772,-0.1585390370572347,-8.986101408083375,-9.558078793628686,27.130565231448063,-0.5146792677473129,left
4029,0.25952085451609586,-0.05492106730752645,-9.029626340651058,-8.52884941779264,25.21828414440769,-2.0602177039716354,left
4030,0.3695386665635283,-0.013174819906924706,-8.969125336572786,-8.249843199043404,20.842737790117685,-3.567700247257731,left
4031,0.6197834268055811,-0.009582829340018278,-9.066576051833549,-7.625422022692847,17.647667259024978,-3.57405633270809,left
4032,0.6739662641394635,0.011100182352110882,-8.932351335638915,-7.57491226692564,17.75285722905794,-2.8341269649597125,left
4033,0.5526990691655773,0.08313898856372359,-8.823816908144094,-6.79756602063091,18.69630873970471,-2.9865961839631705,left
4034,0.6494919948727595,0.25040270511652307,-9.35167187633664,-6.740061955857456,18.156330193327733,-3.0753985125564203,left
4035,0.6516320443415209,0.2391966591963406,-9.631097651442275,-7.90534177076141,15.110949536064496,-1.6428353733609602,left
4036,0.6198372207247411,0.19839652664368762,-9.868201882514674,-6.5704947860568,10.816991230653395,-1.3719259303398752,left
4037,0.6975282764256803,0.18404395545681607,-10.323224644069875,-3.764134172608544,8.939569941230305,-2.329281566252328,left
4038,1.1032235368843373,0.2501304077443782,-12.136072946237432,-0.497514315597687,10.983168027486453,-4.020127268622321,left
4039,0.9282034362050733,0.49181503607428806,-12.738379955755217,-2.4952266912957928,12.461231506949769,-3.0370825086861135,left
4040,0.603710537699981,0.5378305990285825,-12.432338638530982,-4.7094860971448576,8.182145060443748,-3.46531518725794,left
4041,1.041445050745565,0.37184962506603475,-14.382011953278704,-0.4763958408931067,4.912691088201952,-3.38221409160878,left
4042,0.7200875701075602,0.46635878782833073,-13.6355811502976,1.501216697976833,5.030404726724911,-4.72499583498867,left
4043,0.6171441822795503,0.788848810007439,-12.233217040892088,3.766950240454932,5.548170229777793,-5.054014132766819,left
4044,0.545088804870757,1.2265358355760152,-11.883129456311876,1.0327574387341083,7.815465561711137,-1.6122590476215468,left
4045,-0.011296293509771793,1.5467594528780084,-10.8524212843784,-3.28949807835886,6.819170558056955,1.1517569966075005,left
4046,-0.3114202989342636,1.755461834869818,-9.676188048895465,-3.629745956388974,1.8371793402713124,0.2651528112533832,left
4047,0.07545158364288174,2.0696768213827155,-8.582842056558178,-2.3391400983957493,-0.13257715393738756,-0.5959590139643056,left
4048,0.20931018964719827,2.164561873146956,-8.188110101556205,-1.1884992098055098,1.773950735354402,4.44843239409083,left
4049,0.10563020788934274,2.097058421028641,-8.624205632671565,2.3602761530430962,2.020948060390369,7.179395087042275,left
4050,-0.16044096960763188,2.075796247357454,-9.552580765720437,5.706640997723863,-1.180517551973851,5.897863011676767,left
4051,-0.4558896246887625,2.0711287515090704,-9.376450119447155,6.758236594820567,-9.306124756465193,0.8495698246150563,left
4052,-0.10607445613655608,1.9838839639529045,-9.67742257790701,7.820558407384923,-16.31380659710342,-3.3083309329158785,left
4053,-0.08333942221435287,1.8530233891077863,-9.30899554107347,7.484955535909522,-18.619737634270773,-3.572129027357844,left
4054,-0.24518939242827997,1.5867091021637607,-8.28794853199876,8.84928451374569,-19.842906448888115,-3.9551992888379868,left
4055,-0.3659593224564479,1.3006387577315133,-7.633290005819363,12.410549568380146,-19.582707076034094,-4.590432888089046,left
4056,-0.35573416059400476,1.1450794645637317,-7.413233485285476,16.79991250659453,-18.807382272919547,-6.699561750337281,left
4057,-0.2224230105921685,1.0406332778451406,-7.468253246576387,18.76088980702509,-16.380497892406574,-8.188196365583913,left
4058,-0.1839834187167395,0.922829452507153,-7.759099068151498,17.48243430556374,-13.921603056016895,-8.039727483750045,left
4059,-0.37444842438328596,0.8382466814121492,-8.028037575484635,13.591537128001935,-12.819916952381584,-7.8929068685317745,left
4060,-0.6553856204428041,0.791181396201325,-7.704801419190657,10.66040177773865,-14.655763712867655,-10.541383173138103,left
4061,-0.5204188180545573,0.9169549890705522,-7.727938903450591,10.856707403539758,-16.740675198978447,-14.112518938425989,left
4062,-0.29862558604409584,0.9875431623967295,-8.259402382314919,11.309157769318059,-15.473151946362817,-13.83394645405182,left
4063,-0.06635431804121739,0.9582651461374871,-8.557225273839103,11.390904078134236,-12.423320248726077,-11.446793193864707,left
4064,-0.0447861810739667,0.8081682508326267,-8.763778461068311,12.030838327515635,-8.698980054523567,-6.916567003713606,left
4065,-0.18882093671159428,0.5908100166593143,-8.726840827341325,14.69139081904632,-5.47614338624301,-3.6210261018411134,left
4066,-0.06105864997778365,0.5113859005636103,-9.951568265368243,18.414572423304524,-2.165338737304042,-0.8081705726325046,left
4067,-0.13160040921493055,0.5461313423362921,-10.997241653119998,17.180278875059415,0.710329851489544,1.5956325864556282,left
4068,0.2682678578429756,0.3492713836243061,-12.803602814740506,15.013048882135392,2.986343821340013,4.925878043343354,left
4069,-0.1776372752185842,0.14174330285845163,-12.778823350523401,10.914928271150664,5.641190868210726,7.5947665953973935,left
4070,-0.6260040194163361,-0.028780820732294432,-13.545290136918279,11.878414292744438,2.802908459919812,8.370428256449717,left
4071,-0.813827073236141,-0.028639851753966133,-13.900457145690474,9.517752809267325,-0.8091913620460149,8.61622638506425,left
4072,-0.7031700188715044,-0.2538413803183038,-15.607515352036057,8.963241105024558,-2.78855450080748,12.658403724662096,left
4073,-1.3719580360110872,-0.29596188195801665,-13.678460779005444,1.610008461513087,-0.20940372750664826,15.463976959502666,left
4074,-2.09397356735729,-0.8457920725391931,-9.914477291939345,0.0439702959368633,1.752855221530669,14.996424006406219,left
4075,-2.0586648447416485,-1.047701351265232,-10.326658700947423,5.521295897892679,3.625452762320335,15.50804412108535,left
4076,-1.8430265455987742,-1.0823269078915227,-9.056181937885267,3.056724321160475,5.1871870940298574,13.784372513486641,left
4077,-1.3176556981595775,-1.348092548543876,-9.736801855442067,2.7291450846056664,8.166533138507722,15.77585776599494,left
4078,-1.4944781695714249,-1.63552739086434,-9.268117688570843,2.4739586460382736,8.210855873202126,15.605592402955283,left
4079,-1.2745935852200243,-1.6903653133441894,-9.87031319675994,4.556761667761145,3.8483681684497384,14.149680572569856,left
4080,-0.9677355762499626,-1.503530955049774,-11.13229345858257,-0.23292795309038095,0.3515144020037247,15.144890253671266,left
4081,-1.1315949316870673,-1.2683643577666763,-10.8206035255998,-8.986030173847507,-3.8741522081343414,18.030740328235623,left
4082,-1.311322594073756,-1.030073671534377,-9.591072689143758,-15.879472826798217,-8.374567908191628,18.663761269218327,left
4083,-1.2505367507023992,-0.6883861078407039,-8.805728129621997,-19.856704612095015,-10.920517847169616,19.04209947352963,left
4084,-1.2123829385092186,-0.39094584105062935,-7.663427861920587,-22.598384606375955,-11.201376475398433,18.97482745804066,left
4085,-1.0094467388960655,-0.27411122054094256,-6.64666248342723,-22.27488351610604,-7.828924236639394,17.191660787605716,left
4086,-0.6981404095295036,-0.18388466861880215,-5.768361328699176,-19.304747166970394,-0.5027851183339873,14.527402316517664,left
4087,-0.30402450104805845,-0.0730102430866903,-6.156308762375587,-16.19798571789425,7.8619286524249326,14.239563774119897,left
4088,-0.21946596757297998,0.06834862223389715,-6.322547937954395,-15.549821318251409,12.283241146372944,14.51476426997295,left
4089,-0.09461638760670099,0.14165851539987057,-6.905178255365135,-14.535305858324515,12.506929465960605,14.754665166139137,left
4090,-0.06492550029601674,0.15963055223587863,-7.409880941784795,-13.189413484884607,12.346948517205961,14.326170811122605,left
4091,-0.10279844179557074,0.0838686217853834,-8.24030272978787,-11.709593091831671,13.649987237969626,15.28566847080113,left
4092,-0.4555057790921424,0.040226386415569776,-8.610599516294185,-9.944027943352628,14.103131134322037,13.392395865601305,left
4093,-0.3486320712270885,0.15424143882973382,-9.985450338186206,-8.54026829082838,15.42634256476835,10.873576302791156,left
4094,-0.2904395829298556,0.05250168127059998,-10.173743376193455,-9.554386899310657,17.52761462817573,7.4773810696772784,left
4095,0.12118389827563503,0.045697200711978664,-11.781557722712114,-6.391121812595631,22.208153044674052,5.945574972177647,left
4096,0.061897194205957184,0.06440558391940043,-12.186398249448844,-5.490694168366484,25.17513224251861,4.012976497715996,left
4097,0.4982546529929164,0.24004355365329727,-13.486021163764828,-2.034307680167893,27.577678978729338,3.078205946953011,left
4098,-0.19128420590215756,0.32460495422435587,-11.979130560140788,-4.225758228858988,27.26932464584202,2.751739574878762,left
4099,0.2951882236460648,0.21398141399222814,-14.931515745729783,2.183541691041084,22.578151561392154,3.9824972786636073,left
4100,-1.0983436383534224,0.6784648764581811,-15.054560893243519,-0.8541237070958185,16.687157522692736,3.393668501569006,left
4101,-1.8441555327164765,1.1229989473653663,-10.838257777037299,-3.1088172205613676,2.8364393793292795,-9.60294231608832,left
4102,-0.48123306589040604,1.3690882433369411,-11.090779168672203,-0.8098213036270696,6.237184595831807,-13.707472043185826,left
4103,-0.3008981430162443,1.4064565874102226,-9.912333603798935,0.2910283191168146,19.586230339981714,-14.865137049867295,left
4104,-0.1145835922938061,1.594945549808688,-10.704830475263169,4.853728115651894,25.257826997647058,-15.754458910499457,left
4105,-0.35531698815053137,1.8257759922596428,-11.149352004379383,2.6031654448035484,16.50977979344923,-17.498429966697508,left
4106,-0.38281339717348395,1.8376172565863589,-11.016952717536679,-0.13097480056624722,1.594125770609319,-19.956787102503032,left
4107,-0.5215725409047907,1.703119219655957,-10.77662848253588,-0.9550883201775111,-9.544302697733544,-21.389414519325232,left
4108,-0.5503386012595288,1.5844873961134633,-9.78112706574522,0.1970562222460659,-16.46946064145981,-23.10410339748517,left
4109,-0.6149631933200967,1.3504094820919315,-8.333900066590651,2.1174816485079715,-18.59026444900184,-23.695789225475682,left
4110,-0.5767727864074383,0.9601606874731221,-6.984102249053651,7.717577902891236,-16.100373602432693,-24.936579638325345,left
4111,-0.38546447395129424,0.5709223191371129,-6.3771372821745524,14.446437781004569,-10.620882200813492,-26.05869308133525,left
4112,-0.09507529405330617,0.41541435226551926,-6.279949682583016,18.150397463875173,-4.851656531299208,-25.861709734407025,left
4113,0.21724256027325617,0.2935708999031104,-6.419333895815611,16.599337225612054,-0.9143512036273019,-23.89503217024512,left
4114,0.34810216497617463,0.20552411647984115,-6.838881584741042,13.763617532571772,0.5436252543106499,-20.109017485967648,left
4115,0.3139587824871275,0.1200537760677241,-6.902247280021826,11.528281849746724,-0.7862915856903991,-17.893653041834387,left
4116,0.3122301054815635,0.09020432672440626,-6.983519876208967,12.640167868846305,-2.7351917466076565,-17.241900351832456,left
4117,0.41479923112364214,0.20617728383464295,-7.8552414094759975,13.546151765104764,-3.996849283913936,-15.372425254953736,left
4118,0.3508466239386343,0.2691216184892683,-8.487084317311172,10.763639947668207,-5.5620363329850155,-12.256073954061925,left
4119,0.42766715655413456,0.1957320418762196,-9.275622701735339,8.852688851141156,-7.180180824458744,-9.391522657924376,left
4120,0.4712157391008738,0.22183179937704134,-10.059338607243937,8.335131532200673,-6.855024908720574,-7.2489768464414555,left
4121,0.3568611306728431,0.25759353387812356,-10.431804386674875,7.990021864884887,-7.640749706664368,-4.517030956305261,left
4122,0.3368486156510895,0.19617120504439325,-11.64757507443653,9.615859586462715,-9.620664637983555,-2.2316171042860256,left
4123,0.7898540722184539,0.313287102802697,-12.678930491244005,8.904626816831865,-8.14684999926058,-1.1572497693440194,left
4124,0.8162829335966673,0.20153881730264692,-12.769551061265085,5.302615019164847,-1.7844649827914505,4.868801295443569,left
4125,-0.003989886805928489,0.11844800065837136,-11.808330666317472,2.8204343578714988,1.7568016951906826,9.008106390595938,left
4126,0.22915211406707048,-0.08126571647267442,-14.045817201537734,6.449643048796254,1.3369380340726915,13.111206711942256,left
4127,-0.31570512859538624,-0.23643311396952182,-15.800352228195736,6.688792762827054,-0.1986870507062406,19.229208715234318,left
4128,-1.5267411670121342,-0.4914492657022479,-11.356790811359463,1.551545190140558,-2.5588681616873203,17.027556240496384,left
4129,-1.5409314738511077,-1.1343905869499273,-10.066703430781033,6.194350966741491,2.160417072527591,16.985487539840292,left
4130,-0.9094385227530388,-1.5328040451692964,-10.777224165023458,9.501591929125713,12.153735561716092,17.037587162909563,left
4131,-0.6097431372038771,-1.7520455201367704,-11.43903630599888,8.708115987260996,19.116745293999067,19.574441761303685,left
4132,-0.9419466773031089,-1.772227237567865,-10.936673462741552,3.9971996432185977,15.991933936933298,20.713454543232423,left
4133,-1.0591981418935048,-1.7129393619699826,-10.860698487982384,0.14745102045241332,4.174160110446606,20.58890638218342,left
4134,-0.9479511269667018,-1.5465362206747302,-11.33024195085034,-3.6155386912220875,-7.302655041168967,21.22555931203783,left
4135,-1.1371740044909222,-1.2856323476012297,-10.500317298734528,-9.304250134041146,-15.352522417456852,23.252995817485278,left
4136,-1.093064269395207,-0.9259174834111625,-9.138392911625603,-14.007620238670514,-18.59506261380572,23.912980779212614,left
4137,-0.9102670442916407,-0.4982064873603661,-8.123708117157292,-18.379805114400867,-14.364221402798016,25.19740535676654,left
4138,-0.9385271673188833,-0.27192675769301256,-7.075457793940724,-20.8371651353345,-6.699602188176755,24.63179050435385,left
4139,-0.7018574097676067,-0.16089848936476728,-6.32596565742122,-19.236358898680876,1.0346014978686848,20.684362934861465,left
4140,-0.1867107991828847,-0.1287857036715812,-6.156143073918462,-16.55121674020932,8.24611587531993,18.096157010099233,left
4141,-0.03805405076291701,-0.2594724708859572,-6.266509842744282,-14.072943060466006,12.096988940181038,18.507330217013706,left
4142,0.024324042797702283,-0.31994946050044,-6.670805187358324,-11.968795468765808,12.11695657062065,16.85127114621433,left
4143,0.02097554023150705,-0.1916991821185396,-7.190353667860614,-12.037315446986648,10.558255048683671,15.875994211630497,left
4144,0.02899375721768105,-0.15558054305803437,-7.145178099060616,-14.162204590551257,8.1775728104886,13.246081538641892,left
4145,0.11666133327130357,-0.13854614101204457,-7.6982786778013725,-14.143630589758752,7.47296660229672,12.801706885355424,left
4146,0.1460534648530767,-0.08538519070293839,-8.470737512231223,-13.18353944918373,5.8896381347446125,13.025000731987715,left
4147,0.13094577367146787,-0.028396345837580356,-9.681465926602186,-12.575171302324685,3.8471790827124708,12.80536111648438,left
4148,0.027672186180774716,-0.0003073058222596847,-10.498289697154451,-10.815348293002879,4.029013240515103,10.254479697709211,left
4149,-0.06907770622811027,0.06584199584280337,-11.493269770830922,-7.7809192753572916,4.4897812345350605,7.805689369354859,left
4150,0.1358380955922227,0.15149710640998207,-11.88860007054856,-4.751927020865096,4.596571899142245,3.7616718973196868,left
4151,0.2172262588723508,0.3597375567678354,-13.342747363746462,-2.194892741311034,6.3663454660776635,5.527582889487835,left
4152,-0.4290459989650395,0.5268006069475131,-11.689402624880588,-2.449611979735837,6.844717640530228,3.5199051476476333,left
4153,0.014380984699412735,0.6294062671769316,-16.285703444858047,6.332549952706502,5.548917183829516,9.174652039541145,left
4154,-1.1736248985875424,0.8061596339838556,-14.490525927522675,3.4943750279587986,4.716984805733316,4.373269285275713,left
4155,-1.036468070919804,1.0188014383502773,-10.738269887859417,6.802948506141933,8.714538958409625,-9.41195533882638,left
4156,-0.1920505556260368,1.10591537633513,-11.095501980019037,11.204745634744505,20.671340645088147,-10.532042239514546,left
4157,0.16466062655150315,1.2104992930407152,-9.660595775538717,11.44324691926863,29.75061950425678,-15.254660126025138,left
4158,0.7354239295773604,1.317094442064324,-10.531461901531555,10.423709487364185,31.566690168519248,-14.637276526966447,left
4159,0.3859749599718758,1.334730601267052,-10.456813107265782,4.189497494866486,23.89653628515727,-16.536647712603706,left
4160,0.6245961430702658,1.3527531494251104,-11.049325894158757,0.7037938684638849,12.133570823517871,-21.6054125523224,left
4161,0.7306726672680317,1.49307076627837,-11.222835343251667,-2.729192120829891,3.3495066664326196,-22.080925941089006,left
4162,0.26862972073959535,1.4230063493707057,-9.67891526419528,-4.919014775617384,-6.838432253066593,-19.162606790226384,left
4163,-0.05803330473490531,1.2199185888468638,-8.535921311398106,-1.7517566718979074,-16.202079627442224,-18.049514736250497,left
4164,-0.176748157209897,1.03155277554972,-7.451124247852634,3.289811512619182,-21.91412231654466,-18.595496541818978,left
4165,-0.010894771490332467,0.787581209803156,-7.067117404756422,8.667182492265342,-21.951185467142405,-19.96860746130269,left
4166,0.09927932997051081,0.6522902028649828,-6.8291639246367675,10.327665438012058,-18.686920432223246,-18.98743334889709,left
4167,0.1675038789607577,0.5194943871841078,-6.8529937183009055,10.152200729156764,-16.335981084796252,-17.06351233770104,left
4168,0.13740519965184506,0.5012389452048173,-6.64673651108143,9.218712002372348,-14.999473309277981,-14.69706680454491,left
4169,0.23136704080016002,0.42137822807880987,-6.750760885117643,10.372501960853459,-15.302045816504048,-13.249821614626303,left
4170,0.2322480846769137,0.407582542820451,-6.882652619089856,12.173578527951888,-14.086382903836713,-11.74520466067754,left
4171,0.07654640423172943,0.33512049694727575,-7.653252240791382,13.056075608461581,-13.10887632716953,-9.551005979839301,left
4172,-0.1014264901370403,0.22983024210860326,-8.115079744855647,12.139005009598552,-14.154115296949527,-8.598358339514458,left
4173,0.09997200130504647,0.21021133027859334,-9.529087932542442,12.449357348486771,-14.224910320607746,-9.020390032374326,left
4174,0.21641243650256659,0.3544306944776817,-10.528893393790371,9.844253746543215,-11.563135112995933,-9.1537427772198,left
4175,0.24718720323383803,0.33872148817796244,-10.646673449922812,6.194925224338794,-8.578652886641155,-8.233347961552875,left
4176,0.23952530088566526,0.21596129745942316,-11.544512357021528,6.686366160197203,-6.640540141916167,-5.649096914956303,left
4177,0.45344402629379443,0.16225085444842427,-12.440313078289027,8.208425110540961,-3.272290730936809,-4.948815675675893,left
4178,0.38062778895217075,0.10977026385864516,-11.89009660157172,7.922836681470738,4.748295445861795,-6.159094832769819,left
4179,0.01354023825966566,0.024564277360968945,-12.405877795148523,7.932646179416981,9.983138558623782,-5.864121336836356,left
4180,-0.13930904689455614,-0.1336010416532788,-13.014175829259662,5.0036664582822965,5.386913029424705,-6.1385099883387735,left
4181,0.1646548047283618,-0.26660740718245407,-15.7859297695528,5.06695048504668,-0.49630661019995226,0.012111667159363737,left
4182,-1.087518820254905,-0.2776318921827545,-12.049376488135373,-2.9954947401734806,-1.2486005889887877,4.4658426357524394,left
4183,-0.9824057108718871,-0.9227574172034081,-9.288844811811467,0.8571407651377164,5.915310512613127,3.9746832119343622,left
4184,-0.11329035830363843,-1.1363562491151928,-11.628838059103382,5.3755880370984395,20.057117963701494,9.344870476226932,left
4185,-0.045074166101302104,-1.1827444945445196,-11.594756468341894,-0.896960445870473,23.850061653482424,13.738128012518901,left
4186,-0.3968817501448476,-1.5042810873089931,-11.409763425856008,-4.3849899596116595,15.933647011215001,16.814759530712163,left
4187,-0.6992908578388493,-1.790804393610491,-9.780349210411275,-3.3174701329568608,4.475702402580879,12.28438492398633,left
4188,-0.4042177003586347,-1.7393232438077024,-11.18026728574889,0.5558363608416559,-1.6995699989996211,9.84519131148852,left
4189,-0.6662099510522683,-1.4067486150821062,-10.70643434133253,-5.627898428763755,-7.16944191407979,8.612760739668408,left
4190,-0.7868383414660349,-1.0488569659540419,-9.710457477864646,-12.6540968558308,-13.41891467324452,8.617276702577326,left
4191,-0.7655455017102297,-0.660745851224792,-8.221620071652573,-19.81891357910951,-15.27491299851682,7.628647578556363,left
4192,-0.42034205650581224,-0.35587795557262336,-7.266659904431233,-23.53911155879347,-11.977018577679084,7.374118274940997,left
4193,-0.30309326485768806,-0.20478898078498897,-6.263941241052783,-24.163359773083446,-6.32781054609157,8.425141796471815,left
4194,0.002313735198292033,-0.09712997284002983,-5.988283980344668,-20.041999553430024,-1.6208048079557655,9.208408502789734,left
4195,0.12290100439764173,-0.08956141377269662,-6.214284826023292,-16.338193203944552,1.8822223499716852,10.59744075678245,left
4196,0.15043882901628103,-0.060835846691697046,-6.47108072240162,-13.872579113207433,2.5319234762807676,9.45928579754671,left
4197,0.05939790734513806,-0.005712422911279547,-6.611073927272633,-14.20420311079981,1.2328486373536647,8.23886034991096,left
4198,0.026572108748207146,-0.042838954059728956,-6.789425520976246,-14.612980662593017,-1.5774340112563108,6.183482870864342,left
4199,0.03639914060503324,-0.07987036449143911,-7.6213864910861595,-13.777797014736452,-2.3505901753330294,4.544478043898883,left
4200,0.1715259363050765,-0.05898500505937697,-8.502973770890776,-12.316001781258722,-0.8729565842617169,2.0179894961311406,left
4201,0.2752470156165212,0.03831749311373467,-9.653944973863851,-11.298113471019102,1.7358233193180883,0.23879435539933835,left
4202,0.31251669471816035,0.08589354679070815,-10.525688071887954,-11.338304783607127,1.7328011772602365,-1.875477845905043,left
4203,0.048224345883705944,0.15062813019799062,-11.323452387426398,-10.255567943030178,0.4264164500409166,-2.9287748854132905,left
4204,0.08212933897865593,0.1902160000487791,-12.010279012295005,-6.921280758385109,-2.1817214843856587,-6.737056624685298,left
4205,0.1711517963957987,0.423095886072581,-13.045141008253752,-4.603130715367545,-0.12329301175412713,-6.973043364881491,left
4206,-0.16023001009075966,0.6875732028240399,-12.50013254599983,-4.672183032904436,1.3825769738104952,-7.159613391475837,left
4207,-0.04923863682034835,0.8499304218406696,-15.907999353779442,-1.3538745852597964,0.7534440283413261,-3.9168582894516426,left
4208,-1.1264798635853985,1.2323190640883892,-15.20343802471891,-6.2177222505124305,-3.36737832247757,-7.271937049816434,left
4209,-1.1947810567283255,1.5109325161014402,-11.993462409598553,-6.345928346078875,-6.865886787921208,-17.243144480425183,left
4210,-0.801175233931275,1.887338671079216,-11.015826341647209,-2.344418437559393,0.10551154181376379,-18.66126770712147,left
4211,-0.4050148008719221,2.0783445646023786,-9.909739015811653,-1.1215181003888794,7.428119427265535,-19.138777916553178,left
4212,-0.2568770357451733,2.0470865163635104,-10.550792895140722,0.040546940654502706,9.60085676210735,-16.760129390396646,left
4213,-0.33136878386661595,2.0350914110005998,-10.569596440416092,0.6778560577885173,3.8330959677631053,-17.680457029137237,left
4214,-0.29164950655528354,1.9156733213880544,-10.287340712490321,2.1763444906097273,-4.308983417484992,-19.641181542268402,left
4215,-0.1930431247098361,1.756881960335719,-10.02703712369138,4.697496488682179,-8.942588158304845,-21.109696976782054,left
4216,-0.39731735864463635,1.584334258878584,-9.307970872905182,5.908696221398794,-11.08188273691976,-20.6792052722352,left
4217,-0.5654899781627605,1.3076112573089493,-8.177627789075132,7.3459080868711695,-13.351380280923621,-22.439502627989125,left
4218,-0.5852398413691331,1.000252144250915,-7.414262135420887,9.90671481043106,-15.095322845547086,-24.24277386680557,left
4219,-0.5017856144562922,0.6501237123808792,-6.963350370416521,12.900145944711248,-15.93600504024378,-26.197926077544917,left
4220,-0.35852338985621435,0.5299498345041911,-6.994073873590653,13.685865456062055,-15.254345972239719,-26.409604880046253,left
4221,-0.14768688031374455,0.48065264933261553,-6.865328539325731,12.295344502438283,-14.689205638953718,-25.51533333824058,left
4222,-0.12330877058357892,0.5051647553958863,-7.160703973326447,11.215389800793481,-14.457373006559937,-22.207949749061186,left
4223,-0.15820854822734254,0.5148165018682409,-7.00153037180476,10.706410684154228,-15.753594760044995,-20.155517393148084,left
4224,-0.3408122861123086,0.5465709829436565,-6.9969627948355,11.710516779356304,-15.927634983407927,-17.445465686324262,left
4225,-0.37057189174059424,0.47602756038328226,-7.271899037650987,13.285874245745788,-16.658653972975202,-14.854715688977741,left
4226,-0.3545662424440361,0.4339877226879099,-8.053199439679354,14.678757871751408,-15.578602155362631,-11.88324314488888,left
4227,-0.21364644214805173,0.2924398940462274,-9.12071706827832,15.763005236037746,-13.867452084914394,-9.869925836535884,left
4228,-0.2179241938395835,0.24083406242714633,-10.307225566901897,14.235624533846224,-11.77856028976548,-6.881134983451995,left
4229,-0.319696826532216,0.22835295217149415,-10.336710848230506,10.045467412867279,-11.949773816814721,-4.24274555629604,left
4230,-0.24620895927909858,0.28626412985946975,-11.891349506960037,8.173117278600893,-10.776343182715719,0.6654470137772059,left
4231,-0.2206633511700007,0.30881841028850116,-12.308536657311777,5.01351585360752,-7.8961647457671145,3.346657388704071,left
4232,-0.1932844533789888,0.21170838048606042,-12.168547625339533,3.6621206319295387,-0.3907252412059612,5.912251698257223,left
4233,-0.716816318655833,0.13667443282442163,-11.548232451821374,4.293789600800309,6.445529083011397,6.812428868346384,left
4234,-0.29023393939102604,0.07511025411722405,-14.678286124888224,7.302798155288432,7.364081849521042,10.742763956627497,left
4235,-0.812829227061596,0.07335892887175682,-15.029215846842128,1.5926954995957012,4.562770957056449,14.634358885273299,left
4236,-1.7917371493873362,-0.21708511658092283,-11.495109099235139,-1.943738005368795,0.7649679854408722,15.592234408324181,left
4237,-2.1055793431827006,-0.7732332405863291,-9.658947177690015,1.9940320105875795,4.092719671433343,16.555684941724117,left
4238,-1.4000130591116657,-1.0572477146472419,-10.618813503101087,8.447938765193422,12.602611467537551,17.15183451739434,left
4239,-0.8583710860187499,-1.167994986238977,-11.515609150888043,7.944283590543516,19.595607580257905,21.256034909459927,left
4240,-1.1574155402338744,-1.4475113763836727,-11.040753643780942,5.880766191560841,17.006414977294398,24.431751553535804,left
4241,-1.4520795340509784,-1.5725793029125574,-10.545451714257204,5.177639985548806,7.655404306588748,23.87979696064683,left
4242,-1.4683916363025284,-1.5957030740237699,-11.135652091625467,2.7208908431518815,-2.5179104892717348,22.968138399181303,left
4243,-1.5052405789599148,-1.361272510819829,-10.979305088611643,-5.348013220634183,-8.74612326913097,22.740558126075847,left
4244,-1.5507166461300121,-1.1265270735522654,-9.550405063982604,-15.115269271655837,-11.723037278940115,21.91457076617864,left
4245,-1.427751244458726,-0.7170786284403298,-8.287992726937798,-22.05675318409796,-9.667437978509216,21.046319843573734,left
4246,-1.3622351857035513,-0.3595801599865867,-7.032916296922275,-25.437682222786034,-5.08913561387873,20.528063381509384,left
4247,-1.1410751497487406,-0.1942610240596243,-6.309434179139382,-23.82677786787172,-0.05039250213829802,18.545836209158544,left
4248,-0.6888125339594029,-0.17574296189588734,-6.016729215711984,-19.016945815881478,5.910360977653922,16.114978622752098,left
4249,-0.21932180460573303,-0.1661043983209826,-6.312837972104694,-14.287698792778091,11.608547729250073,15.460089999140868,left
4250,-0.03573156638146857,-0.1625630989247276,-6.677110212147355,-12.770318372345216,13.11887743862808,15.507582279088716,left
4251,-0.03885346111662891,-0.18751357596244822,-7.165176225356313,-12.587706992555876,11.31691321058616,15.230886420984167,left
4252,-0.18950939820230417,-0.25489939046512483,-7.329974898421191,-13.61261830665351,7.004792994503344,13.434790173976598,left
4253,-0.24034771157442592,-0.2478081203863815,-8.029087485235099,-13.34155776441492,4.002185003070089,11.005020733321672,left
4254,-0.3675150654716992,-0.2686425175924977,-8.549529458535087,-12.500325703387745,1.6034780033080829,7.632098209397332,left
4255,-0.2549705497942658,-0.17182959581964166,-9.417969789742138,-11.31536546427879,-0.4581870740201094,4.605969205009268,left
4256,-0.1929676465646235,-0.12893898586032643,-10.052400849215642,-11.812499605179754,-1.6993847598840655,3.036066700067197,left
4257,-0.11943024867400354,-0.001162673577896095,-11.217192824224915,-10.886129207923156,-2.6852042265581058,3.2074314334355347,left
4258,-0.19248947566321917,0.05206439577630656,-11.478066634598607,-10.482234328450918,-3.2266788756922256,2.6882764489505573,left
4259,-0.07619655491680266,0.17409911679598708,-11.970208521799005,-7.780788643700319,0.9917397046863615,1.9707060405209644,left
4260,-0.2414052181818782,0.28522007175848973,-11.938130284222147,-4.507134853395572,7.15399653488359,2.796463388399704,left
4261,-0.14380506287070016,0.4057824898893958,-14.98986706074597,0.8393129298576749,8.554784503836208,4.914191744096707,left
4262,-0.7680381172378992,0.8385497441158933,-15.29987283140921,-2.864884949407689,4.361866083012765,2.2690273661655675,left
4263,-1.1241387927862525,1.1607980528616009,-12.50023402331178,-6.271174840825258,-2.6762481917530843,-4.389328444572355,left
4264,-1.2138402586833728,1.665902063566064,-10.506317689166803,-5.881915208746522,-3.1486471725793375,-7.7658209794816395,left
4265,-1.1558615366159435,1.9224565450691737,-10.331127276576657,-5.420741519202505,-3.390851712314237,-8.311609766666287,left
4266,-1.1749998733962026,1.9693499757361614,-10.701884987490109,-5.300950583688507,-6.454999671085878,-10.212180331495128,left
4267,-1.1112887073970126,1.9811223843175756,-10.843117631823578,-3.4057619764561786,-11.944553973134308,-12.16984406093687,left
4268,-1.1428337978550287,1.9401823650858008,-10.272794729034267,-0.7843049032659151,-16.245411062695354,-13.321536037357275,left
4269,-1.1449177238021333,1.8369178920594287,-10.098092442958901,4.056321492526115,-17.240979753864835,-13.731634774852079,left
4270,-1.4128086798445123,1.755768536894438,-10.135357532501917,6.8708408552261435,-16.851070676783525,-13.70288151468582,left
4271,-1.5103462797405829,1.5907914074345344,-8.889158039140943,7.911008922653297,-17.47888941575983,-16.56903915471312,left
4272,-1.2779578890252212,1.2722731693853149,-7.827446110565092,10.40062948044963,-14.099092389456244,-17.985475350548253,left
4273,-1.0238324790866495,0.9299930550447806,-7.316750721469752,13.59070001622916,-8.302690818549845,-17.302893531893304,left
4274,-0.8031794237772991,0.6867275428251811,-7.160833489061111,15.075817429728925,-2.113898574463076,-15.044673301861259,left
4275,-0.6052324714833432,0.558606552309954,-6.987082185465138,15.281535576481769,1.9376124527213139,-13.481982504976784,left
4276,-0.5116232274617112,0.5002545273747461,-7.2257377585980676,14.453015938253792,3.217158239755776,-11.260396596649079,left
4277,-0.5193073026484822,0.5834205312695905,-7.339153648701048,13.499445861178721,1.3485380393886284,-10.049104847540352,left
4278,-0.4174276845829321,0.68475781417947,-7.653871650534837,12.500125869767274,-2.1314269806103883,-9.308438120824807,left
4279,-0.4740405008502666,0.6453875302203284,-7.559074529091745,11.574562343627118,-3.9994197990505147,-7.965327548295612,left
4280,-0.5265308105483446,0.6138879075732552,-7.648572708118736,12.095176901848944,-3.873007459274621,-5.985736806707337,left
4281,-0.5548605006012806,0.5269201765429308,-8.239848617940206,13.138781343191399,-3.2963507903703815,-4.661250610858453,left
4282,-0.6310099544504859,0.48696176773968397,-9.275133193201306,14.206394205718974,-3.390949321405015,-4.911060651490639,left
4283,-0.6839738074759447,0.5661658239678227,-9.653609518163467,12.751461527697392,-5.268913851615889,-6.397480979979449,left
4284,-0.5783577537374671,0.45102901930341954,-10.899644588475853,11.469963351878395,-7.152464042811296,-5.7897705320030814,left
4285,-0.5620958678626686,0.4415000082214796,-11.455950947345073,9.796467682590803,-5.78804032939104,-5.142743271959569,left
4286,-0.3900348118873267,0.40623557270523647,-11.345389452581925,7.715842856978444,-0.39880016795562806,-3.3445835551648946,left
4287,-0.8556014689808107,0.43496168960339826,-10.820460475093544,6.303036281314904,5.8251893092325675,-0.6229019367047599,left
4288,-0.9126876456081106,0.3997148588117868,-12.340011318781686,6.112547890811271,5.117055743462538,2.2183528940313066,left
4289,-1.1385657211359215,0.34206431904513185,-15.108960209437898,3.957247859147058,-0.49775770065931024,7.598253859604728,left
4290,-1.85386307496558,0.23140937550628893,-13.151412385425576,-0.7972605592771012,-5.962520556318729,7.341650553242271,left
4291,-2.1200588533547613,-0.15181976391045587,-11.456783763434238,3.43128562521313,-5.009040080510418,7.339581479062872,left
4292,-1.7477451981418781,-0.3618321452504639,-11.541128533287702,9.388413631560445,1.1219617017000976,7.773734284968474,left
4293,-1.383869478692728,-0.5321744263340931,-11.175327350090436,8.47407540867472,7.101671634106681,9.60943795047321,left
4294,-1.4387201308004642,-0.9647945487300953,-10.468638436776075,7.064543994108524,8.632213199651286,10.913895155109797,left
4295,-1.762290454796406,-1.3188795067861088,-10.419008069194877,10.182369199616584,3.746201433573551,8.77595460785253,left
4296,-2.1474743972012824,-1.3425189989778152,-10.416314798726013,11.218308547741481,-7.010765683333695,5.253481385960523,left
4297,-2.364172022306656,-1.2640977608523531,-10.31970776902853,7.112068011830727,-19.293990472447973,3.4811557972902283,left
4298,-2.363828990099343,-1.0939509280833908,-9.982923977419189,-0.1098826594063782,-26.851615776912944,3.4162168594993556,left
4299,-2.2372337682929797,-0.8801231959818313,-8.805259332436549,-7.7253283802682775,-25.36462413257038,3.7248025643292664,left
4300,-2.1111502756350142,-0.6723495019228084,-7.79436820295569,-11.270483162792644,-17.378658087276243,4.034432656591437,left
4301,-1.8235790066411381,-0.44662049452886055,-7.409469061118139,-11.68199003992452,-8.414500323132161,2.8594089359593546,left
4302,-1.4303961060489774,-0.2846930911456196,-7.507696466689512,-11.352776056543433,-1.3979029621815868,0.8578666654139826,left
4303,-1.132542088378715,-0.27548453036592296,-7.827388017687267,-11.252527516609774,2.073891914553874,-0.2025550585396778,left
4304,-1.0796096192988331,-0.2841622982728616,-7.809624533280215,-10.912525811197575,2.592011539673104,-2.4117613544538075,left
4305,-1.2213816227420473,-0.352068151531268,-8.068915339940713,-9.355967785932092,1.1815908720762334,-4.793190903173753,left
4306,-1.4026908002286698,-0.30061903096493037,-8.357499346010952,-8.004901171631532,-4.21764565299259,-8.439317065043504,left
4307,-1.398383842625658,-0.20936177232332898,-8.62977681282075,-8.31191217601085,-10.022357232011796,-11.193810205951838,left
4308,-1.5580990487714712,-0.19397671955243892,-8.58975121391309,-9.955388890067628,-14.193588037602945,-12.24965037585973,left
4309,-1.6947702671346536,-0.185164792068217,-8.339443936026083,-10.380937258354557,-15.560632187707569,-13.665715716444941,left
4310,-1.805457590596856,-0.20079111706178854,-8.71790459545608,-7.9211976968491875,-13.820048127970802,-16.008353676084795,left
4311,-1.8926281608160989,-0.18564116099256156,-9.159971140015696,-4.9647568080990885,-11.048315851165192,-19.467453680226978,left
4312,-1.9772716180957541,-0.16018957402062298,-9.899387106503761,-2.046926621457258,-8.853450312307741,-22.79587783035624,left
4313,-2.150113931844105,-0.13660724171852726,-10.189129263608514,-1.598647420870953,-7.280545885256029,-26.6005025134034,left
4314,-2.1475437729849185,-0.15533567550529612,-10.32950742151037,-0.4304330475243514,-4.441558130880342,-30.951564719504404,left
4315,-2.0648828000421044,0.00807094021448504,-10.271059830062082,0.7324430454222366,1.1785348031474805,-35.222276994077006,left
4316,-2.0108382668356923,0.14935411387053324,-11.426365906026628,2.895514598441755,4.517378702048033,-37.63751141595686,left
4317,-2.328894463563841,0.362762166308237,-13.050626192695777,4.813271604609502,2.2505276044660407,-41.1625880071353,left
4318,-2.7753178006997374,0.6544143208225518,-12.783485289444322,6.184854430257358,-6.2557204598443885,-47.69441239403408,left
4319,-2.555127605091081,0.9461045033326732,-12.536275598520238,8.640485773184066,-11.7986203478266,-54.44260568431921,left
4320,-2.246623541975915,1.1772873271609678,-11.34097840474874,9.557848216845814,-8.311659398258387,-59.1669468406105,left
4321,-1.939814459565643,1.4418486970731657,-9.81657846223763,10.279001351775836,-1.4770557599650096,-62.57051142007129,left
4322,-1.517093022892896,1.6418937301162566,-8.849490511925321,9.769094934984718,3.7454791553575513,-64.5358613624364,left
4323,-1.2327510608906689,1.7766680588339918,-9.375945762487385,10.153974521723221,5.721812494440758,-64.61153340779147,left
4324,-1.4997262722754043,1.9330984166900318,-9.436381796612814,10.45332278315654,1.8452441858725401,-67.63665800362375,left
4325,-1.592735044329864,2.002896908117148,-9.831403778592309,12.3363372696226,-7.060607279149709,-73.05370719659538,left
4326,-1.7310036484709506,2.0786859131309643,-9.694553415111972,14.267288926894569,-14.50470891848581,-79.8606196706859,left
4327,-1.8821639702766784,2.15517507614112,-8.983421714108797,15.876205946097734,-17.664886282911258,-86.99929689222775,left
4328,-2.158751600093597,1.9712372750582792,-8.421234965219758,18.5287176716879,-19.15801476671562,-94.38975958793758,left
4329,-2.241310269304321,1.7836220097137439,-8.375888706498655,24.210016224537004,-20.207231384914323,-103.12763465312074,left
4330,-2.238449135898449,1.6300709853545774,-8.421777934108135,28.61816249845569,-20.106051912572198,-111.14780008292232,left
4331,-2.2941639718155047,1.5658267699619641,-8.550067127691424,31.5536637261281,-18.320535072550477,-117.71364716546336,left
4332,-2.599604703785676,1.5705803598856631,-8.750474691860521,32.48853818136418,-17.3976199482735,-123.61112616214253,left
4333,-2.870630572250669,1.6352594221865235,-8.780606635075047,32.5642476006339,-19.1794577887765,-130.44823368817325,left
4334,-2.8975085550348445,1.799453076455295,-8.581303133312195,31.77717459614388,-21.897746196803375,-136.7972461745787,left
4335,-3.009543115031452,1.8291866153277652,-8.522727391327926,32.09642406957365,-23.74779200954073,-138.88218118835556,left
4336,-3.1236342159940182,1.946757274308437,-8.863172550128345,32.993051605653626,-24.574812098817937,-141.0455286438593,left
4337,-2.950516366839692,2.098825408262436,-9.354691790566552,30.596611804505223,-22.476813014304764,-142.225062631605,left
4338,-3.0945337790151055,2.003032115543837,-9.010299060033546,27.42445923852182,-18.038173661550807,-140.81424702904616,left
4339,-3.17433426748369,1.8863375094057087,-9.00988527878486,29.780695832998305,-12.902897005897316,-140.50021271062508,left
4340,-3.2728205677422135,1.7076216910530206,-8.730132918036606,32.97903736274363,-7.204637976786674,-141.68746001499846,left
4341,-3.079125814735581,1.4675806392420836,-8.642276568387826,35.64311387157539,-0.3853994441479034,-144.69293932630006,left
4342,-2.9393626589250403,1.3742511101103154,-8.890784494563306,36.9144982012452,5.432834369559409,-146.3937809088042,left
4343,-2.67791386871064,1.268945396636229,-8.412177442514354,36.524050998389804,11.014512875096209,-148.42673304170597,left
4344,-2.434957755119505,1.0213052512995993,-9.88002807616171,40.225185731805745,17.456005452607332,-147.9809485875441,left
4345,-2.3955907390361073,1.084472698271164,-11.68500079317371,40.97635262024478,18.80751980077501,-144.17355126709907,left
4346,-2.8462200406356377,0.9663107828893698,-11.984894822845307,37.40453938507593,13.591776198729807,-140.0544788030191,left
4347,-2.956774757977042,0.8862866212898655,-12.327047019014646,35.92787327955436,8.493466877783561,-137.5554928983901,left
4348,-2.975034506456215,0.7188425816715655,-11.461538585179188,33.19296262518582,5.760279271143734,-133.15875789353808,left
4349,-3.4554572978683664,0.33245384757333335,-9.431033627004604,33.239827685776326,5.751724398305312,-128.6596794381055,left
4350,-3.9688294821816616,-0.06043791776537523,-8.446590685738142,38.68783297175928,6.461790578788507,-128.34234694634992,left
4351,-3.554683686674717,-0.17321949017904079,-8.701639470972843,42.773306905578075,9.720432443518252,-132.79568649172282,left
4352,-2.6476660484062315,-0.46824442833241686,-8.871392373974484,41.49665606875578,17.3727959999296,-135.83620388267278,left
4353,-2.064422059876833,-0.92276122538665,-8.746837953106073,40.94981035441158,25.579904724014806,-136.47044297503896,left
4354,-1.8478523241296831,-1.2770652917573044,-8.849888375023498,41.34216145028629,28.373199655215174,-135.40288433414855,left
4355,-1.8524558930415997,-1.4683623122990115,-9.406427610288647,40.9253218584621,24.447631427612666,-136.0121794224087,left
4356,-1.6981661589392307,-1.3246917383413472,-10.153439919664063,37.729465601970546,17.978169784632005,-137.08226591627962,left
4357,-1.665369775981163,-1.2042959333913201,-10.403906507798101,31.34137078725489,9.684778356835183,-135.31119744481754,left
4358,-1.9241875894408906,-1.2337665687463855,-9.980257200535688,25.668729023365728,1.6980595740859372,-134.05662946314652,left
4359,-2.1990893629765043,-1.2432549075141173,-10.138833887951737,23.222931472267895,-4.397927765158032,-135.8404037723742,left
4360,-2.166789729076188,-1.1281289023690333,-10.04916371390886,19.835531413426224,-8.17368175010103,-140.72534249217225,left
4361,-1.8923287612608415,-1.0452267474130235,-9.785891890736176,16.54854922576112,-9.023567964432177,-141.76978543855702,left
4362,-1.8955173855734855,-1.19847143686277,-9.38587180271412,15.591744046691822,-9.249731445398249,-137.75102551628063,left
4363,-1.6915040058063706,-1.1511567652404247,-9.450793355748527,18.485861972077323,-9.081578103404603,-133.38666264720845,left
4364,-1.5408010050011152,-0.8694341914803045,-9.688205828730325,18.57328239269112,-9.825605201576934,-125.44866277538287,left
4365,-1.455435607442416,-0.7933562951850152,-9.520085261939103,16.791478854086595,-11.038060341110999,-115.05881007319095,left
4366,-1.6333862474802125,-0.8831464726562068,-9.208678359925154,15.517328610113857,-11.793223354124356,-104.06449419047964,left
4367,-2.000444279128802,-1.058093552848748,-9.225863505133608,16.706025848552656,-11.067790846200182,-97.14540568904606,left
4368,-2.124780809919616,-1.0524171517256915,-9.511103609925836,16.525422330051395,-7.563195230766011,-94.12086244280331,left
4369,-2.2392821813376207,-1.0533614283386779,-9.787581454442309,14.453271868209605,-5.254814816883654,-91.13913423858875,left
4370,-2.3527339318812026,-1.0470861549335735,-9.694834394746383,10.227162875733033,-4.750732205248706,-88.12678922644427,left
4371,-2.275393379854229,-1.0006390312581426,-9.599154062866667,6.553913804563269,-5.132629464897929,-84.60810483529764,left
4372,-2.38432119149647,-0.9894819383470936,-9.55480821461039,4.628343245485343,-5.649347508342973,-78.97505472397995,left
4373,-2.33291971405873,-0.880725348815392,-9.349783113164623,5.119745071225758,-4.867666719288923,-75.04738834390253,left
4374,-2.167801891469397,-0.8604949536086703,-9.278958669311823,6.334247439214288,-2.1922593224645937,-70.3714513338617,left
4375,-2.2640940220027406,-1.0041066326343635,-9.418954472759575,8.90147391340318,0.4811907343289823,-67.15844902711228,left
4376,-2.2720652552762823,-0.9436079144551479,-9.3529821522872,12.205806809642695,2.5322214251887964,-68.50062008497625,left
4377,-1.8096250211751586,-0.778423443301152,-9.607900428497086,13.819089972147761,5.184059023512292,-70.12847077428975,left
4378,-1.627402595655167,-0.8498821281611413,-9.65076653826304,14.083195014291164,7.938305662928378,-68.64973431540353,left
4379,-1.529472941713701,-0.726836253183777,-9.367454314767238,15.18385936722245,10.19123178525553,-68.43160320203913,left
4380,-1.4573830084799337,-0.575964494337885,-9.861262128491838,14.214703915868299,10.875560329331151,-66.64887122753055,left
4381,-1.5829565840629534,-0.3789140179830869,-10.235122297579911,11.372445359236973,9.374852922879965,-66.45252437916251,left
4382,-1.3955994245509156,-0.03765471398321174,-10.221206133359452,7.0903865946619185,7.296112233543772,-65.80308239603575,left
4383,-1.259176276900539,0.24382880632627368,-10.202497794779314,2.814203205498792,5.89749662377301,-60.947599001708085,left
4384,-1.3708781191553632,0.39627104567531674,-10.124857638290221,1.1760557871536186,4.251170747781998,-55.28492684055392,left
4385,-1.2915549354556144,0.6386521067875596,-10.18019575334612,1.2788879135859474,3.291048110294209,-50.932309968474385,left
4386,-1.1413848412206828,0.8514185685913187,-9.837719766532832,0.324699104314524,4.24202385928353,-45.65305265496553,left
4387,-1.0841856988805962,1.0030163628469126,-9.70578727456302,-0.1467506615709624,6.534403783521194,-39.83198358870209,left
4388,-1.2444442026561982,1.0312542096227113,-9.520316182811408,-1.1760976547506825,7.666734130852576,-34.136159107188114,left
4389,-1.3204030716605768,1.099410396068394,-9.590168593985211,-0.21350794996008382,7.253635208021457,-30.44111137267148,left
3588,0.109795677047964,0.5141494378551272,-9.853317039902828,1.4608044868074435,0.47680821459448736,0.05685967528283736,right
3589,0.05760075509761986,0.47281520602837873,-9.724967001073814,0.6862100515382645,-1.1458625037226797,0.370734144695403,right
3590,0.10811202826558475,0.4614513349269027,-9.820133078064611,0.44658915389926424,-1.2403473547617476,0.58282248715923,right
3591,-0.008284391872884544,0.45546896264888415,-9.79036091106404,0.057984097461626416,-0.9065378132302896,0.6359985483803094,right
3592,0.11794637290848797,0.4144027997351001,-9.746448532156833,0.06960143339302033,-0.9506692610433748,0.23909929631186344,right
3593,0.15032387132110658,0.40430366187501726,-9.851515244537453,-0.03798401820081773,-0.7270477212234069,0.29917817094563093,right
3594,0.23216557532069082,0.3489704224322795,-9.655393400761586,-0.38442929206386317,-1.2123498568465851,0.4143406875744212,right
3595,0.3366935450537012,0.32550279647845576,-9.681858796759892,-0.04603096347852187,-1.4391780916187338,1.7538962021729743,right
3596,0.5031665077220389,0.2654677922324501,-9.716599873298003,0.11811359447792669,-0.8197534198038698,2.7816724066154737,right
3597,0.653015770580557,0.17127104291641182,-9.708430970963319,0.6424995123494776,0.5753541177060291,3.7399363231199514,right
3598,0.6953223027963462,0.1028969282330551,-9.63928115585119,1.5443630715350585,0.8484718394130921,4.92271309756715,right
3599,0.6724140017196363,0.09303053935967609,-9.79397603427264,1.7883760169974692,-1.6948692517039017,6.379160826049454,right
3600,0.6868342148102475,0.07244683775979244,-9.717545685427105,0.5774440229793363,-5.827361567032482,7.805236086348216,right
3601,0.6737853296940242,-0.01601415940646836,-9.649630876321911,-0.007480044071921377,-9.101803497444903,8.783654145056808,right
3602,0.763155371341901,-0.007642674430168722,-9.587146402724898,-0.05656182258947329,-11.326346040654656,9.444281368545454,right
3603,0.7688498427254875,-0.029670914634329165,-9.686732635861874,-0.16929246527872,-12.595887915635203,11.93064218817576,right
3604,0.7205440149668156,-0.06275048687150828,-9.694095125259905,-0.36532651786895887,-15.593758227315314,14.221820362775501,right
3605,0.6608234099712313,-0.018091165927517416,-9.818201854678103,-0.7275038384878467,-19.08096499225595,16.623416936138646,right
3606,0.7044250752577681,-0.0013053170251355328,-9.71717732467239,-1.743773321784384,-22.59816981386803,18.61851992846922,right
3607,0.730855539934558,0.004937665954533738,-9.396129262285175,-1.9844744194781265,-24.687973716180704,21.437822374468226,right
3608,0.6974619190033482,0.05758603084807523,-8.928670238079407,-0.8579591536033302,-24.181762748387165,24.062807256792443,right
3609,0.6631425582888566,0.12855403116680897,-8.742079665789808,0.7004700528598429,-22.303169917779172,26.98322826906771,right
3610,0.620703548746433,0.12661837784663948,-8.643766388498992,1.1014528038466969,-20.168641258307474,28.748210665733282,right
3611,0.6215077374722804,0.1944785002174893,-9.305949179706376,3.1738738568604132,-19.16841835677073,28.882348013051192,right
3612,0.7382572888437027,0.346322489261363,-10.291543819637463,4.0346725177828855,-19.616720618942388,27.15452670761998,right
3613,0.6869694197231468,0.4088281854037467,-10.505895033257639,2.299694681283854,-21.806031543962803,25.405401110452903,right
3614,0.5238785044124126,0.48815024980907895,-10.698674391739631,2.0676601745197845,-24.560375210086285,24.78244511226276,right
3615,0.32279886814451775,0.6792318657628633,-11.11212145913043,1.2278099476499325,-27.257526126837988,23.07027108550385,right
3616,0.25825070977287634,0.764084006141727,-11.106838988186084,-0.5084496268309815,-29.156848694977572,20.419253175161852,right
3617,0.29849436340829083,0.8091113578694874,-10.373786521972509,-1.9192614115355724,-27.029520544013124,17.071542218019324,right
3618,0.5257579864373727,0.7523990807980581,-9.530725471529324,-0.5703032685477147,-20.13196514054073,14.364888854813119,right
3619,0.6445717633563537,0.7532407873260524,-9.226178746033234,2.5376506381326713,-10.84520952900553,13.678158197730399,right
3620,0.6541374600934851,0.7299841459438714,-8.769866425737801,4.3447161618250005,-4.224559192605285,13.410822378845376,right
3621,0.4982569883768102,0.7723015033294789,-8.685944611520659,6.503778746580702,0.2951454877223225,13.907705604230038,right
3622,0.25424982604414303,0.8717680734892392,-9.055939151607463,7.664779993131036,0.5885645924635329,14.837138162595348,right
3623,0.06803849420721075,0.858606823306431,-8.982173861206503,7.61825690601686,-1.3312333131132257,14.852605588387982,right
3624,-0.08708325967711872,0.9153792068771458,-8.910075435057612,8.904776628463646,-3.039474865878773,15.318964528743317,right
3625,-0.18063211762307851,1.0077492693797225,-8.952985377106597,10.09639102895752,-4.084719720049378,14.990481666796013,right
3626,-0.1952447293590409,0.9998355242072829,-9.34936470900046,10.625788094037727,-4.810732548173337,14.713333568269832,right
3627,-0.38385587750642314,0.9516110860991647,-9.402133980417304,9.658078170527382,-5.156279995902581,13.892934592114575,right
3628,-0.5513134014544097,0.8636538014785885,-9.447021006873227,9.68137741403676,-5.2742287697018275,13.151773886868597,right
3629,-0.6552127026009735,0.8865963293433023,-9.578670549452507,10.570961685217018,-5.054121600653341,12.301228492498065,right
3630,-0.5057342776155238,0.8326876203404591,-10.114217042624732,12.63696203928134,-4.102805119570009,12.111645836548838,right
3631,-0.5521334141387491,0.7110560416117256,-10.573496309297143,14.038161899105443,-2.329757501153511,12.014878325121296,right
3632,-0.33816963580165504,0.6365579385799184,-11.333243323438392,14.771822652601415,-0.08008851864621219,12.990765594957976,right
3633,-0.4486531607955313,0.3927336430457581,-11.815148721593234,13.52950681052408,3.7724643100869226,15.117445975254903,right
3634,-0.5526807364853199,0.1709585586274112,-11.865878489222473,14.649218337034466,6.452023852813473,14.666777786479226,right
3635,-0.27143523581339757,0.14349064656858335,-13.339235313053383,16.485331369005007,9.84217778804691,15.215687892169445,right
3636,-0.3930567076410245,-0.007605100762168637,-12.976192218516326,12.817352568082857,12.097310546408105,13.372195482116815,right
3637,-0.5501190394483495,-0.3445868616174909,-12.404110084622113,10.755773420196846,12.802653244034452,13.730677022711907,right
3638,-1.026714703863128,-0.7310523237664953,-11.119979580680418,9.782090334974633,11.213997428210154,13.240212170263288,right
3639,-1.1876915753442767,-0.8587057837850958,-10.535682967907567,10.88813895548147,9.29314057040669,12.254505486251709,right
3640,-1.4340837358112393,-0.9348740483130586,-9.73839008400652,9.220858221660658,6.259415915094291,12.82746761739862,right
3641,-1.5314780238857382,-1.1538356757658494,-9.03813870109916,7.506348519095167,3.742757500098892,12.868096028310742,right
3642,-1.5022307092174856,-1.4005876849628192,-8.870365613127356,5.176599680545207,2.5657267443848095,13.208765747787263,right
3643,-1.2414272653661298,-1.5532281181182614,-9.015491434696955,3.585063337500359,1.7565736927126057,12.706460147384085,right
3644,-1.1682236067972918,-1.723360231997012,-9.556698424480633,2.522887672000568,-0.3797234010360742,15.155213617478466,right
3645,-1.3115324761969531,-1.8440169824016126,-9.39253718615112,2.0772073997020426,-5.694703894865366,16.125364739566432,right
3646,-1.0048866452905734,-1.9073597310654318,-9.92602813059435,3.5605311409773597,-9.205436928358447,17.47798169689497,right
3647,-1.0425739695152862,-1.8667706152248946,-9.687162073420492,1.192989683751577,-9.172196312648255,18.51799944221481,right
3648,-1.1161607590749125,-1.7004109429541314,-9.2008003649903,-0.5416650877827784,-8.962687644639146,20.52364823549948,right
3649,-1.1815400909959424,-1.4042059933960287,-9.026318047707818,-4.705726166163662,-8.512874743525549,22.901223572405673,right
3650,-1.1985195784360774,-1.3266665310667274,-8.63721232941564,-9.455661021533732,-7.538043918839108,25.146231828342955,right
3651,-1.146388881688388,-1.26959222643037,-8.030668575518963,-11.712439187427432,-3.6326906027218064,25.03347639532295,right
3652,-0.9133989686109261,-1.1003949283087755,-7.6941013617753615,-11.99400097257029,2.166414982189531,24.202487223643672,right
3653,-0.8197265477190063,-0.8966244853756827,-7.686612380579352,-12.927778246012046,7.306524260725354,24.97096313593836,right
3654,-0.8704987878665786,-0.8306680211268803,-7.552137841278816,-14.110167683469989,9.076925026341844,26.35108210681851,right
3655,-0.8918599928023054,-0.8251234133478658,-7.544088877813794,-15.201939471354386,9.610654957952196,26.304518796290566,right
3656,-0.7943425092945815,-0.850854200355659,-7.691494924904675,-15.38243136349357,10.980766279925984,24.108978614370347,right
3657,-0.6805025867811931,-0.885929063300191,-8.280829143876353,-13.84789700591077,13.566799776103121,19.839192075427857,right
3658,-0.6677922369426161,-0.857141533041412,-8.720220257576987,-12.707743284857562,14.885034920297981,15.77359804290186,right
3659,-0.7148871723604269,-0.8512211462621793,-8.991052605431216,-13.7071494399708,14.89268458364126,11.99341956188794,right
3660,-0.4709441012515514,-0.873219486785488,-9.548717125200058,-14.247662283157918,16.17183639321107,9.278437735799017,right
3661,-0.44612997858168635,-0.9331134488085497,-10.210319317455392,-13.414486734645257,19.658265991449934,7.335196426871725,right
3662,-0.2937060087805392,-0.9290040627325471,-10.997640005379987,-10.807503115012528,22.271958759954416,2.791805836497598,right
3663,0.09156430804871718,-0.7359930326883835,-11.871661071579387,-10.236796417583578,26.137699993750715,-2.8985175232108946,right
3664,0.27277899672102324,-0.47208359036567993,-12.576196640216859,-11.944658923581152,29.52510098083441,-5.030990398737064,right
3665,-0.3652144259014678,-0.3740402003439703,-12.477229717115987,-13.38767371292919,26.14989979970891,-5.190130591370443,right
3666,-0.22224210518997634,-0.1115375432311404,-13.783001961105285,-10.107667793020454,19.601948148719153,-8.715576205571928,right
3667,-0.7571757927607745,0.20402712935025047,-14.497885883308978,-8.506678245919503,14.12774884115068,-12.758214543399069,right
3668,-1.3939581387818691,0.5413106638445855,-11.43184634827836,-10.29307300233664,7.67939028154025,-22.181423300475327,right
3669,-1.0348388849353403,0.9173282046997533,-11.478606465752842,-10.318551071355975,9.595119767638034,-22.628514820723154,right
3670,-1.1976482120974974,0.780174517854106,-9.381413469306569,-10.819576678655459,14.33315430061659,-26.117522854919404,right
3671,-0.4366364853170195,1.0181747804190804,-9.19479445307659,-4.476918672531074,20.88482992741512,-27.860088404062886,right
3672,-0.18869105558438504,1.2950383188815402,-9.106961098759072,-2.9891844438340787,24.931008871500232,-25.70561528633012,right
3673,-0.04251735157347136,1.5932844995628392,-9.407277913083147,-3.639171227970325,23.06705864725528,-22.52947026553547,right
3674,-0.25204794192841584,1.6646495064646396,-9.880654746203493,-4.7345624132179385,17.143632476279453,-19.514354674129944,right
3675,-0.24478849823669435,1.5091186694893255,-9.914028938490372,-2.4251444024116937,10.414671409099945,-19.792854143107053,right
3676,-0.3038637988753141,1.2672471611059049,-9.25886935147975,3.244506815298678,5.914741693679288,-20.821020109271522,right
3677,-0.27838591340372876,1.032324675208521,-8.6394054035847,9.439340061468231,5.15150060816312,-22.843273525721276,right
3678,-0.2593799501231757,0.737296623521387,-8.137178592979897,14.401864591108112,7.167916788079845,-24.725551451972564,right
3679,0.043430006573415,0.5461712763590655,-8.029110175962042,16.75749454484399,9.50867132120215,-26.90292004770575,right
3680,0.38596181441693567,0.4397401051758943,-7.859636370106253,15.359617684215594,12.608744878353052,-27.34193483045062,right
3681,0.6296415915765823,0.32967089550386575,-7.513222903243813,13.194409064489513,15.767984069554169,-27.425597757268203,right
3682,0.8274406233688476,0.2676312134995571,-7.519501116034327,12.114900893655843,17.677202205112202,-25.847472314788458,right
3683,1.0722948884194046,0.20489693941342058,-7.547661225572636,11.150714346947694,16.630113952717196,-24.226371949518963,right
3684,1.143970698361064,0.18209988963787516,-7.753815859557502,10.804858876570723,13.426219512130537,-22.012391158244547,right
3685,1.0803921409985064,0.1627896891433263,-7.702694648638781,11.223403414713118,9.256781818061125,-20.557166687871735,right
3686,1.0909198021361244,0.22242999887709874,-7.741306001535144,11.084795193675891,7.386630565678585,-19.972137451285732,right
3687,1.0829961683638847,0.29332610453167024,-7.895960815746818,9.83219703481584,6.0100314151090695,-17.986480768056172,right
3688,1.1788729480638982,0.3480771572003256,-8.637257276418518,8.43834903742503,4.611017136648815,-14.013925116503053,right
3689,1.2843341367965047,0.30577096591366604,-9.527483660350423,6.5206373818338506,3.2453507312997267,-10.2578758092246,right
3690,1.528523310224173,0.23404488240149823,-10.47056933851497,5.192520895250583,3.7573089685184065,-7.780966391592827,right
3691,1.5346457781890606,0.2023984812839199,-11.04788810069604,4.623061143594855,6.380624000963968,-6.702064163724501,right
3692,1.6431620965539389,0.19064003039528662,-12.357706970936013,4.688181201230112,8.474587495139858,-5.498982288538853,right
3693,1.1839941591515406,0.11430109297470276,-12.830208991344314,2.341060280868095,8.196527964739268,-5.227045046222167,right
3694,1.2141035041199935,0.05383051764626362,-12.857147057466909,1.0719749598558943,3.2965065142351544,-6.54534706989502,right
3695,1.6550525996157437,0.0957712701361021,-15.37403083755401,0.7533706852304088,1.1174450241513425,-1.3034113427674046,right
3696,0.4089518079238723,-0.25847234800241686,-13.319385437835328,-4.368599995470127,-4.744166498469332,2.796654837119683,right
3697,0.259395526693039,-0.6381883302704476,-11.168182269855683,-1.6823037910931102,-9.136814381894096,4.1481008319112656,right
3698,0.6070043358261414,-0.7969177233874716,-10.525815123774398,0.4154676536080635,-1.7545672042111613,7.366726912185452,right
3699,0.7240512195959741,-1.0552016333614436,-9.248867104983221,0.12688411248620168,6.940288238039249,9.892075675211316,right
3700,0.6035165380016161,-1.3305475386021326,-8.606792588660149,0.27404926962197784,12.281333610755354,12.446522716870124,right
3701,0.6245336124832073,-1.5847327041503567,-9.37979415676927,2.869276283961498,10.334553330107763,12.925033542793724,right
3702,0.509101475448114,-1.6113341552171376,-9.85669936863874,4.434033374338772,4.376537405826755,11.270949149533628,right
3703,0.47548594745494865,-1.537318122548153,-9.975107860006212,4.802486761392228,-1.8629268283233664,10.216413138311012,right
3704,0.613044422219184,-1.3494484499490083,-10.543497672017915,3.072256369334826,-7.973301903943922,11.423648043772111,right
3705,0.4560431415234296,-1.1160899017007113,-9.86064182082705,-1.6302845911135826,-13.38132473035252,13.882606312791715,right
3706,0.40831121729077813,-0.8286239585654683,-8.940262106269877,-6.796369610859633,-18.495565300346072,18.466408996620842,right
3707,0.36109193658726824,-0.5646832587194238,-8.112787951454763,-12.341111529471068,-20.880311927487146,23.896718251795697,right
3708,0.2377626605471681,-0.40391827756958,-7.5683580274452025,-15.86658963631406,-20.256129978183456,28.786357014678423,right
3709,0.03624603101793733,-0.37644428376372097,-7.143419046992483,-17.039693016363515,-16.840184027205463,29.76849431352209,right
3710,0.13051936959231414,-0.26329333063179394,-7.354249903950385,-16.56825372916609,-13.243059787656698,27.600275793902167,right
3711,0.05405335673048439,-0.21268618458008381,-7.321144960168158,-17.353075502064577,-10.2589540412191,23.988281170008946,right
3712,-0.0455842183775097,-0.08434368997212596,-7.459797637673571,-18.389729534809792,-9.38859328905712,19.878064995053116,right
3713,-0.055224658104948254,-0.013490965455240589,-7.739548029686497,-19.956801706617963,-11.031364411593241,16.44564912926498,right
3714,0.08888452426170046,-0.021480087667243575,-7.59520627180847,-18.993451603035947,-10.522135018614124,13.547511955367861,right
3715,0.2877518718622927,-0.0625618246451678,-7.94178200407281,-15.972849365429568,-6.921082857740039,12.135219434749452,right
3716,0.5686779667552679,0.003626435235454001,-9.023507549445238,-13.19191277576369,-2.4643268456786207,10.509816314113682,right
3717,0.38199528529238513,0.04233251242352273,-9.617662021594414,-11.104677253169898,-0.1336818460115637,8.91445439444308,right
3718,0.5195394650194998,0.1659931831709761,-10.260691368102604,-9.300797076933634,0.27884325238254215,6.192326272376056,right
3719,0.6733523163077733,0.23298177871203618,-11.910465407457847,-8.323051936775094,0.9259300603522365,5.875076454164619,right
3720,0.7552618057597731,0.22118379543791428,-12.076244869830838,-8.376671194935817,2.0928641000888586,1.6918454287345477,right
3721,0.5372442336057266,0.36005925898777613,-12.124508757610162,-6.004010016423289,6.578612325010969,0.33845441821233546,right
3722,0.07488396831300248,0.40427066585579524,-12.467357576850386,-2.696861069379592,3.0485993436681977,-0.9842389701982076,right
3723,0.348830057256138,0.6375266935083169,-15.223787052780464,2.759011806929443,-1.3531588141414872,-3.021928486003161,right
3724,-0.5912470092894271,0.7315075419266355,-14.249398218584242,1.208758448585224,-8.119870185284093,-10.151827473516251,right
3725,-0.7318674805717951,1.1833024221569746,-11.540709899092972,0.3969949598718028,-10.479445330445413,-18.22498930365164,right
3726,-0.640716581819059,1.5817506820916285,-10.631374746851053,0.1650524328029146,-5.2419591326024495,-14.901960864579696,right
3727,-0.7770310345433176,1.5870899908290999,-9.60194099646668,-0.23353778243817125,-0.22765536173280201,-13.17517929528155,right
3728,-0.5311366555495907,1.5673589047203471,-9.998653269536549,2.817093650775802,1.8697986525144286,-15.503743909547161,right
3729,-0.2311731974603224,1.7264820542220505,-10.185248350714513,5.475568048927995,2.107892393083874,-18.86914312974292,right
3730,-0.15209469302375878,1.948402935062452,-9.750908920618928,3.085355176511414,-1.1178723170866693,-20.314367204583306,right
3731,0.03689924715382187,1.8601325020663313,-10.136718790894847,2.785843287295031,-3.9335208187429016,-18.58928591697041,right
3732,-0.35463538080360424,1.5805194484596299,-9.832703610034706,5.155717306355718,-6.703618685621017,-18.72034886203384,right
3733,-0.4931292036202626,1.2312507805294592,-8.43064309713796,9.338022562933137,-11.544360716376922,-22.17365093136006,right
3734,-0.5425157117552537,0.9838991783110553,-7.7213074248410365,14.496610828022,-12.982138429522877,-24.24836407794472,right
3735,-0.3723667111040383,0.6634820387745272,-7.177316343435793,17.624202131949914,-12.802387756037769,-27.209076761923072,right
3736,-0.09824131635880606,0.4402247403587358,-6.973036977353248,18.697434729914804,-9.135188603427393,-28.35130919247615,right
3737,0.19149834126999,0.25555975747222076,-6.645929471906546,17.93958399183645,-4.773631434627323,-29.164217677298613,right
3738,0.32159423589114633,0.09606501955848559,-6.537808733828078,17.61390167793047,0.20117817841089902,-27.55332548231129,right
3739,0.35269608675017095,0.030557544600041453,-6.542438238441574,17.64341095300926,2.073489446883386,-25.81671599018788,right
3740,0.48216560959072585,0.08297121515915079,-7.31280462376763,16.968619834422846,2.649084801120145,-21.891931554302005,right
3741,0.5108385674247606,0.043158213762327396,-7.632652736128935,15.815506566382535,2.5642796487631103,-18.453713272055793,right
3742,0.49170502273837524,0.12781907022657774,-8.281918700155,15.158480480097943,2.8763124244710294,-14.814605984332784,right
3743,0.45901020127675185,0.16980629189034915,-8.821858821536264,13.524810560081189,2.3267776162388762,-11.714854260608291,right
3744,0.41710326864230485,0.26221720569040174,-9.65697559543992,11.168448882707073,1.8730220360161791,-9.48928413380877,right
3745,0.7041387208634351,0.31287974535392765,-10.409896612780546,7.706124591118549,2.1318914372287585,-8.125937007004174,right
3746,0.9159313403615439,0.31526952321420687,-11.267676224467552,4.515652106545756,5.083707520255912,-4.144441426292685,right
3747,1.1547754262429812,0.1376700229370828,-12.314839614878615,4.257860710612272,7.723725787170719,-0.31784736984804995,right
3748,0.8180147176679844,-0.01771154113409318,-13.384249737434677,5.159757009620162,10.628527436402447,1.6968038897643953,right
3749,0.44066353202028363,-0.09862499251682116,-12.578407691792671,3.6556301594066363,6.624631457243801,-1.757097246095948,right
3750,1.1882853423628106,0.03291844106508002,-16.412314675852674,5.085707415014971,3.892797976130637,4.187600783412337,right
3751,0.04995234871964982,-0.32349286697097845,-14.824410225081138,-1.3981285536264343,-4.6020583172356195,7.346952400951511,right
3752,-0.34181252921243566,-0.7323775307650888,-11.460106643475422,-1.8730030495656298,-11.58244022543642,6.709432302877017,right
3753,-0.2820020793122562,-0.9513902708084362,-10.169478064314761,-0.7398336665701324,-6.4096669021345605,10.765439963326683,right
3754,-0.09522689428933706,-1.104842479110053,-9.710920550124968,-1.6699842002477387,-2.6895754205576035,15.440356150251118,right
3755,-0.07091455998411922,-1.3166906490378814,-9.694369866749133,-2.9853325265023756,-1.1351942120409186,20.326257990291225,right
3756,-0.19382307678286237,-1.5608738414971852,-10.169860141996438,-1.7191659169455251,-5.346286292201364,22.313924725791054,right
3757,-0.37703938056366093,-1.5751792123800612,-10.187331875568239,-0.32265375599812174,-13.109629630341555,21.282209210251395,right
3758,-0.48249546227531415,-1.491033117562302,-10.377492557334033,-1.4896729499345422,-19.809337139647738,21.097525323134104,right
3759,-0.8653798508748802,-1.4040559218130362,-10.174461397472596,-3.9817271692557394,-25.864396989936928,21.915679540909398,right
3760,-0.975058973257223,-1.1609629562656933,-9.310382520579546,-7.589677460362159,-29.85494241213693,21.586161186822274,right
3761,-0.8266946457048459,-0.7527812894275043,-8.348324660174335,-12.678742175378128,-28.497180299444256,22.752960784460097,right
3762,-0.6084341775075561,-0.44063994166660614,-7.481237068217393,-17.64911023312816,-22.343955270923153,25.51779930869172,right
3763,-0.6934507163723551,-0.24783293842295304,-6.801475079244124,-19.413652339483914,-14.476246559468311,28.053278252908946,right
3764,-0.7362868357693739,-0.27645926409296584,-6.258928019078388,-17.123075567783314,-9.303719320965119,27.236160416716977,right
3765,-0.7001076005879634,-0.22053691109865706,-6.32499639616661,-11.902005857930465,-5.709202855653058,23.8753650521256,right
3766,-0.518852492854601,-0.20714548162496643,-6.743893054147487,-9.891013356870173,-4.1816933831491605,21.6423158100282,right
3767,-0.5531754834383431,-0.24736847699829198,-6.800334386604543,-10.38357938753444,-1.5811117478422516,18.800901223637194,right
3768,-0.4777788772958984,-0.1950771660715419,-7.357775208211456,-11.174041680257904,0.4774265395942875,16.926246329617985,right
3769,-0.5839449487540396,-0.2392682076089415,-7.7741634671638025,-11.61591476623349,1.3093998918653562,14.824018134470325,right
3770,-0.446720584469098,-0.20154160356720588,-8.702956667678347,-10.542437827854727,0.8942813797746185,12.236417590680157,right
3771,-0.4269744783241127,-0.18214418668166915,-9.750916341576303,-9.250012543475584,2.3525892344153774,10.054371937622745,right
3772,-0.38436390778654683,-0.10021496385046166,-10.191032257061334,-9.958015954379121,3.6678870995907706,6.661259259925675,right
3773,-0.32149328385730414,-0.07227628785589246,-11.158213415523237,-9.805285740209587,5.027740741886573,5.932744244946466,right
3774,-0.09602337617903567,0.012008894455177332,-12.217749359511044,-8.243323049123097,6.984809663038517,3.575823915071222,right
3775,0.25703452196831167,0.07024772747187524,-11.785524830951731,-6.715550242791014,14.132793821911344,-0.6764003413252597,right
3776,-0.29152683305139204,0.20108819307079584,-12.02631099588546,-2.382537525009935,19.680774653684047,2.4035491636036532,right
3777,-1.00472544760685,0.17436330410433948,-12.709999901139287,1.8923503047218961,13.932508049541749,2.251784697689816,right
3778,-1.2415354296062082,0.4368727750753612,-15.356413894219925,5.306622035881787,4.125777686241689,0.30603019676410903,right
3779,-1.967353420316921,0.4957669771818804,-13.130551952145492,2.427489145365602,-3.510529990570496,-9.637388417500997,right
3780,-1.4199855339238638,0.9345523527709225,-10.525302327365985,3.8537356465709633,2.5668762592257206,-17.8061355204536,right
3781,-0.6750671833390167,1.1103566984126487,-10.522708144073112,5.193356744608771,17.691448859402254,-12.298127631733173,right
3782,-0.3124278202773887,1.0199289833382421,-10.029923730411559,7.157974164320864,29.748766460204354,-12.261433664349802,right
3783,-0.22267303790986048,1.2030244349184178,-11.00536972042389,9.447209804244432,31.01347989808969,-11.601730097475219,right
3784,-0.3933831793280613,1.35349818332113,-10.37917427514495,6.198399113336391,20.920465741000466,-14.962581803708687,right
3785,-0.27816164310471914,1.424171092465711,-10.858429777543488,2.8185077603604896,9.274040633200736,-15.709439668918352,right
3786,-0.4333355457893564,1.2711884641017268,-10.462225519208108,0.21251853269820664,-1.643468741298581,-17.132237381260403,right
3787,-0.7875364910545106,1.0726651464039076,-9.032791679262424,1.3661127050892041,-10.032945397880704,-18.359669231656717,right
3788,-0.6319155032882282,0.8113164751586642,-7.918536931514203,5.617148003786028,-15.031823071099517,-19.63981280174879,right
3789,-0.47446849711915684,0.515084365759206,-7.075660289207069,11.10387019786783,-14.3392296098929,-19.3288176353338,right
3790,-0.14954370269681405,0.4253928684853481,-6.706795142185637,14.436787320237,-9.741718330729698,-18.276550689512277,right
3791,0.17354077284402902,0.32031777149644836,-6.508015221196584,13.951764428630966,-2.872684583307761,-14.358960335140932,right
3792,0.44244165903154276,0.246372695085172,-6.688335637602698,12.578832198669469,3.29470216071142,-11.64788281646143,right
3793,0.42332249702161273,0.09212241675361586,-6.635840883233921,11.606040870627512,7.631368489534419,-9.751311926154035,right
3794,0.43724019266194936,0.06454255890536342,-6.760023948360635,12.80674107083236,7.850002324434829,-9.983969776672925,right
3795,0.39141599437847674,0.07006092793999041,-7.214630601418999,13.808214791158585,5.572192582041908,-9.111045163796566,right
3796,0.525567572024666,0.13134708345709228,-8.055244492808312,13.532718690068645,3.275509609232301,-8.49062692053295,right
3797,0.1759677508514894,0.07746301339444947,-8.404480056164463,12.95751758511156,1.999819501238158,-6.943563093658298,right
3798,0.09025762038145135,0.03902012698847657,-8.881259492822736,13.829000569708601,0.5191425605470166,-8.665349535382811,right
3799,0.10273976257887218,0.04246568270215956,-9.945179803849395,11.939891568029378,-0.05176958588765805,-10.225432237795058,right
3800,0.2003045051473311,0.022722384256020023,-10.704658397345844,9.44036543628934,-0.6877268001142598,-11.440226443519865,right
3801,0.22389954663182143,-0.01390018226204065,-12.127454425455596,7.033106107868499,-0.27477516646600064,-8.62168932355599,right
3802,0.3243462813867577,-0.052193993757113255,-12.728504498753916,3.303887915978936,0.041789962803434416,-7.3663432893636775,right
3803,0.08336549015441541,-0.2705648449727731,-12.811085147623452,-0.9384963175707627,3.7082578274612463,-5.254293215645202,right
3804,-0.08504709805208055,-0.4499860603451221,-12.53101313738439,-2.810394505745435,6.603064085655892,-8.696668329879317,right
3805,0.506381266288666,-0.2810659081016918,-15.853853851554247,-2.4127219969673592,10.367768778937704,-6.332930834495451,right
3806,-0.6376426331928915,-0.6226504574940658,-13.027181041997954,-8.284416472408779,5.474806141827242,-6.650695245598665,right
3807,-0.6899536236351129,-0.9138818429079367,-10.5659197998476,-4.946411199745745,1.7707250484906796,-6.429956126708738,right
3808,-0.6622752982070517,-1.2545223991587473,-9.461182388098075,-0.37380747155075866,5.881409463840972,-3.3585708722169194,right
3809,-0.16023431867487314,-1.4592008250007538,-9.93467464140926,5.002772136991149,11.37149277119569,0.06579307041092863,right
3810,-0.10045972058637131,-1.6033456141806068,-10.62291373476293,6.467639361588148,12.922011978839045,4.013898896843237,right
3811,-0.21459732501626494,-1.6765319479701501,-10.591381538911762,5.479067299903143,6.936564051237615,5.618940470407349,right
3812,-0.1670361713031996,-1.5565488815983886,-10.952275083659133,1.4700069160986606,-0.5469306275595683,6.909243311306178,right
3813,-0.2281600539742037,-1.5093619573751746,-10.983250103230688,-3.1592026650785767,-7.764260803428092,7.985258182239065,right
3814,-0.3780595261122457,-1.2596846918307083,-9.895530179898511,-7.729276254882172,-14.03627449316278,7.9839241502132055,right
3815,-0.26109640318745164,-0.9651602589462858,-9.068287776701318,-12.051019326247197,-17.588319544366716,10.094867827342416,right
3816,-0.2820511376453445,-0.694138671597246,-8.076756740884667,-16.917557626242044,-16.85260956820771,13.35042409675621,right
3817,-0.30524435762893587,-0.45107869822730584,-7.305641704950556,-20.998604564394206,-13.944985884516306,15.98038091565299,right
3818,-0.37472176167400306,-0.26782329565521645,-6.662013527318307,-23.521642323065663,-10.325107785311825,17.83616873779473,right
3819,-0.5210318806759295,-0.26071119653483976,-6.273768431001294,-23.32378433135977,-7.658640045776475,18.445513937827293,right
3820,-0.4978288761360572,-0.09267644167671168,-6.6391112658302776,-20.910621937004816,-6.344377626592792,15.484283004577136,right
3821,-0.2894885773698719,0.0653142078338091,-7.010978497438973,-20.85288511360502,-5.725610000665424,12.356775015102645,right
3822,-0.21966776979524738,0.09669466623896628,-7.121863463129847,-20.475171690277907,-4.7015152651771785,9.365393052531676,right
3823,-0.02882594293060281,0.13113926061074566,-7.397869157914727,-19.500813858394913,-2.332888190308191,6.918026292404465,right
3824,0.041163692811314156,0.11919912772295857,-7.898602027260902,-17.112375188617882,-0.06466488921574796,4.78348662402135,right
3825,0.0358610406095603,0.14699951039507717,-9.309885361665314,-12.861014202589745,0.697797715776788,3.6612699194543405,right
3826,-0.41474862239682597,0.12342059137801313,-9.563947959358602,-10.13115153880164,-3.7033164551968385,2.1594321457707792,right
3827,-0.2713074139572669,0.16154103191566696,-10.277892624573559,-7.605589579004689,-8.412666679861822,-0.330385575526301,right
3828,0.12662362239297664,0.24308016167980684,-11.910723845824114,-6.524289054883203,-6.961421308931433,-1.1911325812824942,right
3829,0.44173707590031874,0.28567042990435354,-11.915088071487382,-6.101427820461421,-1.204517198830766,-3.757070092094433,right
3830,0.336879540876347,0.3308448323464676,-11.74397341419864,-2.6441508511728435,6.269791744320283,-2.055768141680709,right
3831,-0.35197283015812886,0.41792139690712027,-11.88158595913134,1.5309152285694085,5.272651071132793,0.7821097140064812,right
3832,-0.3760271042991361,0.5936047587829425,-14.015456927501884,5.352878344151039,-1.6693872575968343,2.3470723372670195,right
3833,-0.7461886825775972,0.8203924717850889,-14.871308216213297,5.013774815867571,-7.579416490315336,0.6711669302474514,right
3834,-1.1770764766571924,0.9922371598707229,-11.505190025960257,1.2025217336439322,-9.66423645066954,-6.3337598962446355,right
3835,-0.7449612826966936,1.3724213934720826,-10.77563627390497,2.9011055261928957,-6.144628853551368,-4.725246543088552,right
3836,-0.4982705564131038,1.457043398272015,-10.194859300092928,2.5922068151537587,-0.7604533535318434,-2.440797598245725,right
3837,-0.25773282142131304,1.4354095454684586,-10.063190030779735,4.9832615151663,4.29305031943097,-1.3099236474832492,right
3838,-0.1697699771563168,1.727159787877782,-10.569779168181277,5.658902084391884,8.495635342581913,-0.7353258990875149,right
3839,-0.5419092115787003,1.8949975416294078,-10.40171064136615,2.1426011620202394,5.094969131720258,0.72221125133733,right
3840,-0.8508372054903419,1.9191659663458096,-10.47971926139594,0.005106475893451562,-3.3583871435218717,0.7282413986343876,right
3841,-1.145465301714926,1.7434485201050727,-10.110368030277206,1.5007839600389519,-11.964674124629486,-0.8234208817322031,right
3842,-1.3315550565322867,1.4680911450174354,-8.52641115507057,5.947076790266476,-17.252693595823697,-4.790305776976499,right
3843,-1.2751525969554658,1.0789641672791404,-7.766034621753077,13.323590296207689,-17.939674015512537,-6.91388353273183,right
3844,-1.1448927923176346,0.7178731075020536,-7.083937435672283,18.97908117391989,-15.006549770526366,-10.820504546371353,right
3845,-0.701789584626376,0.533632057037666,-6.919523658348374,21.836237692120733,-9.60883741387997,-12.556463861934773,right
3846,-0.2613184186463915,0.37905011416043494,-6.5205184593038075,20.520098315464235,-3.057099224341607,-12.442905882812095,right
3847,0.010210584192553718,0.2725204196834411,-6.67496882812264,18.703038538055537,2.8804099829969783,-9.854047615456604,right
3848,0.09890857796822816,0.15717300858720668,-6.544192705891136,15.98042727944584,5.268680650458512,-8.060176172881507,right
3849,0.04937597658394122,0.0407393582985516,-6.801585224902744,15.476586857331277,3.410595205182358,-6.003017965924348,right
3850,0.021028341929631544,0.09749658193722686,-6.998666889510254,14.688914664007156,0.8072632084148116,-6.496082808068845,right
3851,0.1449193868838594,0.16420823638056536,-8.224518276388759,13.836226865665411,-1.1674803970074539,-4.094617994824631,right
3852,0.008726596152415222,0.1867943891311398,-8.962826778835032,12.030005767733236,-3.2556412874095697,-2.243095489941405,right
3853,-0.1739624263294579,0.23822191745768925,-9.787918582318074,10.940071393653515,-6.2198684373873725,0.5509377470310333,right
3854,-0.15528548036084988,0.34428589496736206,-10.487240121401939,9.099376853629966,-7.083197999625072,2.886735246367238,right
3855,-0.21963214236816775,0.33449227143079496,-11.56147388156733,7.193548536161789,-4.167560355959333,7.588441157571546,right
3856,-0.2793582465696609,0.3090663084481976,-11.592109273394529,5.254028834268539,-0.8284445876113145,7.227471976721289,right
3857,-0.21967665102917966,0.1752652011799314,-12.794796052425596,4.526594073125517,4.9800921944457945,9.376115926629257,right
3858,-0.763340966387283,-0.07737398300200121,-11.645170341718808,2.4132874336142662,8.226217227129759,4.6684255051667485,right
3859,0.02210332501396106,0.1134898394294479,-15.13269415468876,3.6999195568394283,10.704300043607203,7.529312584078573,right
3860,-0.7464415925341372,-0.12945254407041662,-14.424530313900453,-4.18979975967202,6.941619617393512,9.810118375243558,right
3861,-1.2626501757942865,-0.5948075664632994,-11.769103353110905,-6.147645536448907,0.08306098712668239,9.025963519712896,right
3862,-1.3325568725131491,-0.8965310505682815,-10.925248823829765,-4.220016504545383,1.3642661991864329,9.194298534916078,right
3863,-1.2885493353274722,-1.156503889081165,-9.947305512232836,-1.4809397438360707,4.0958709205774335,7.7599325941199675,right
3864,-1.120689038094484,-1.3280262896366157,-10.271347741375722,0.9248060594353842,5.889887640736603,8.090317524354797,right
3865,-1.056280467127095,-1.5191197380876371,-10.679748169132715,1.9590523043390307,2.4169752218486815,7.660764119216516,right
3866,-1.116670192630992,-1.5854017932573898,-10.906573704223382,2.1528453965344925,-3.489754767807298,6.4175644675745165,right
3867,-1.0940783133712784,-1.4707706245616512,-10.606154319979684,0.39381762619171345,-9.594719102349872,5.18395312804774,right
3868,-0.9711119197400144,-1.1976050332212589,-10.519120886163298,-3.4298447643006913,-12.484257947431896,6.885391720639079,right
3869,-1.1526416357651272,-0.9604248779088744,-9.303432149565074,-9.448052572182206,-13.895591535065636,8.534451352819012,right
3870,-1.0469202434850637,-0.693121885572132,-8.280332233174644,-14.066113694936204,-12.675666011249477,10.427420912754979,right
3871,-0.8176892205167099,-0.4437037256613329,-7.364817928451853,-17.601061676024077,-7.648625281573306,11.501189864635663,right
3872,-0.5768001645654639,-0.2034395674042939,-6.697841190605326,-19.165709296363026,-0.39034094088657867,11.45707497787248,right
3873,-0.34802243291231294,-0.05239532436286687,-6.487692700094786,-19.066516987281293,5.505152710341277,11.778794007740082,right
3874,-0.1937133206023276,0.039316850190017016,-6.921827125625062,-18.18824244534738,7.056636047526252,12.187877923309156,right
3875,-0.26335871675693534,0.0788057295847618,-7.362133520584679,-17.301454320341335,3.238490292868208,12.169769237854258,right
3876,-0.32207267617377866,0.155152430199888,-7.500578885824169,-16.369219814227463,-3.221505236830598,11.558958089494183,right
3877,-0.2773641724904272,0.15903709625451068,-7.473715018401146,-15.091316199316713,-7.788597095828058,11.143445176640899,right
3878,-0.30605526605086153,0.0712278927414448,-7.803641223681288,-12.238069491750363,-9.019023103047353,11.283031397993046,right
3879,-0.301993371855938,0.04143199401426645,-8.527526516545976,-9.288710989537785,-9.955411528642585,11.508654658652603,right
3880,-0.521483374080832,0.03839310856885822,-9.467486283177008,-7.132897840003066,-11.264291663793786,12.313088474711149,right
3881,-1.0764896936930386,0.07261253173331919,-9.441150169310598,-5.708555229596222,-14.551438247496588,9.828630253718323,right
3882,-0.9325402323302643,0.1707763167255023,-10.703782306056382,-4.463626143059959,-14.558162559114061,6.227990784868187,right
3883,-0.8843370651342348,0.1347350926115682,-11.845992474337445,-4.257583164173949,-10.78985858458687,2.054703886418788,right
3884,-0.4030450663138079,0.10711043541473947,-11.598746364551932,-3.958020495231008,-3.6591973658950283,-3.8837828998342103,right
3885,-0.5406279896984323,0.24254385555236005,-11.638561757218678,-1.7006842789856549,5.280607519960321,-2.38645297506364,right
3886,-1.2832013568065208,0.26232472536973667,-11.634194213352657,1.2904507569357053,5.322188592793462,0.10709769978168693,right
3887,-1.5956458175902508,0.39244652037263905,-14.934403815162035,6.69070904590217,-0.9418003106655237,2.664588948966247,right
3888,-2.2365843764383335,0.4274178718819708,-13.620337018238423,4.408214616518884,-7.218510870488142,-8.254946769819583,right
3889,-2.177448672310506,0.8020466118202326,-11.144825949753947,2.7264216124271607,-4.429557857292148,-16.554974618352382,right
3890,-1.6899539862628825,1.1207953679514593,-10.811598462809068,1.498802448378271,3.6824985085166686,-15.01860944318456,right
3891,-1.4581945141087438,1.1356582240247826,-9.929472732164948,1.5707984747031638,10.68158664408992,-16.574311106732537,right
3892,-1.0199957298966265,1.3185101947826712,-9.935460068143222,4.894025142036875,15.01902951848367,-18.517401287387056,right
3893,-0.6031898173116574,1.7342034781270697,-10.66122023599355,3.0032276289515893,16.108027073383806,-17.632819605170845,right
3894,-0.8323648033645874,1.9451393554425682,-10.321618167964662,-2.330022813435221,9.58181434434063,-14.418585726913077,right
3895,-1.082845227165833,2.027602494504678,-10.108375947697354,-4.355240847161267,-0.013701632356938387,-12.749281119309522,right
3896,-1.6147220584536037,1.8930855608883383,-9.859887823470618,-1.5302111002593808,-9.725717494258484,-10.928534264072944,right
3897,-1.8965382314878045,1.5883008262376688,-8.029187233935856,4.509039216986483,-17.566022339125933,-14.186149208993248,right
3898,-1.6948852714582783,1.324784146634376,-7.697175082862541,12.845475867867293,-19.62855162011389,-13.713124245756156,right
3899,-1.4506981275944693,1.0115929790603144,-7.065787744966687,17.716482592918037,-15.420260224048302,-14.446580780658214,right
3900,-1.0687376822456938,0.7763253311327257,-7.300583825124155,19.449935747226338,-7.618535869099894,-12.73501717620773,right
3901,-0.8845033703242806,0.5767153780037049,-7.063027040889255,18.003949771441167,-0.9374646426097358,-12.227226434684951,right
3902,-0.6133220729433848,0.5531507683494468,-7.628293028432621,16.36283562857234,3.28060681507112,-10.12370503018394,right
3903,-0.6838056462828876,0.48742098926874544,-7.347924156280933,14.233374457413024,3.4414147664378603,-9.570801437352896,right
3904,-0.7058015529721611,0.5955722072298026,-7.635595743776967,14.129840328508134,2.2054575403213588,-8.125471288190642,right
3905,-0.8146742248780057,0.695525333703075,-7.744982098687496,12.786915096971468,-0.5025466371915593,-7.023232781257352,right
3906,-0.8537453303708022,0.7258714622997359,-8.412322061663946,12.328036716076763,-2.606845922050968,-4.852327977005121,right
3907,-1.2433898992012602,0.6943171156095784,-8.273139166515827,11.878522193108823,-5.128593925459819,-6.288419122596491,right
3908,-1.2806662937480366,0.7006504846770514,-8.975705511412984,13.222317112074615,-5.910754564729948,-7.91292931425395,right
3909,-1.5115675005806466,0.6993467994406498,-9.060602142332636,11.804708816218369,-3.94921190785621,-11.031309410871435,right
3910,-1.2303728713823103,0.7585513319678605,-10.08057015262148,10.762201920364532,1.0382806592030465,-12.98114169839057,right
3911,-1.2899402873923465,0.7612672401476102,-10.532568863013402,7.621594980404991,6.780807981529566,-14.362042110409874,right
3912,-1.1582437102418268,0.7698653049579567,-11.163968431725667,6.362675988455605,12.011486792820397,-16.20818744304187,right
3913,-1.4197641764181772,0.6858929335059228,-10.294713166207021,3.929293325029686,17.691296043806364,-20.226697631513698,right
3914,-1.2435406641390099,0.6683684890001558,-11.912120609917146,7.008523587952022,21.953310598651974,-19.12752328970986,right
3915,-1.6317765224931744,0.6145064482343103,-14.314214558880622,7.677228396957884,19.581755621238244,-16.024690884359487,right
3916,-2.1846088136876194,0.2351857736702655,-13.593288732383618,6.965471167245503,9.89015820816861,-20.387698129512167,right
3917,-2.053358963932756,-0.0860467424048521,-13.634427689312744,9.203682113526067,5.315056858151744,-25.053779307471956,right
3918,-1.991435728675786,-0.3905007133989504,-11.482778129826043,11.151147346902716,8.214151978294614,-32.79706452157793,right
3919,-1.932239947908458,-0.6293378201022214,-10.315666677525883,14.978343559510561,11.291596848221603,-35.09964167807474,right
3920,-1.9672134788819395,-0.9624123811778807,-8.6861965727537,18.02608918227201,9.907680375113669,-38.088357926473876,right
3921,-1.9132240336847741,-1.1018488101383477,-8.91118161754808,24.755159893800396,7.776683438421588,-37.86127827940572,right
3922,-1.817386043220973,-0.998728814691693,-9.255697656401642,26.695277265754154,0.9447595493330245,-39.04380134123543,right
3923,-1.4745290815601666,-0.9311213231917386,-10.444335289011914,24.596138926395334,-3.7015652825145295,-37.80369840634406,right
3924,-1.8859769108485072,-1.0385887479938998,-9.373132726642472,20.288263395888478,-6.984588063745484,-38.49276767226638,right
3925,-1.9084128857291804,-0.9986832786650798,-9.074523785832953,19.21677598608565,-5.532318042430299,-39.2375159869846,right
3926,-2.1571938522118193,-0.8675366910876231,-8.83541291765992,16.8149068642564,-2.313999380342974,-39.96643136894488,right
3927,-1.9191567649395456,-0.6803893426440506,-8.99041146193118,14.244520913236183,1.0672415173186853,-41.3396948760504,right
3928,-1.938344343973473,-0.5548890315746192,-8.906991776040785,10.266858466344914,3.243736474407028,-43.27310335526429,right
3929,-1.7701709698967192,-0.4958501985375241,-8.917403771340728,9.07710948058338,4.079447066180043,-47.792207942834175,right
3930,-1.8080634639601199,-0.44103117806586045,-8.758013388130376,9.059765243444186,5.151452290012439,-52.56398946285635,right
3931,-1.9200922006651142,-0.568216149578326,-8.624901399903408,10.83671327095957,5.329615591071562,-59.128627570316986,right
3932,-1.984705068710559,-0.6193771746846212,-8.479464008704152,11.801541883878237,5.3837608940619335,-67.92754715278302,right
3933,-1.7383898519879084,-0.5601492758744842,-9.023227437181415,12.035955439742228,5.90444954326494,-76.16689905788996,right
3934,-1.9970087562529675,-0.7449591625975633,-9.05914493695576,12.2492234784238,5.98318523532571,-84.63223199996065,right
3935,-2.3161259875249645,-0.8566456765627113,-9.087450090270737,14.065809945571889,4.122443600107604,-100.47607635611304,right
3936,-2.3689300752258924,-0.8713562811041875,-8.963142053650351,13.767687946860413,2.396446946300238,-119.5955310701051,right
3937,-2.1559089219957266,-0.9369190538279266,-9.380117735922433,12.237394332266021,0.34437014034971813,-134.3360552093028,right
3938,-2.2675215485875455,-1.2710120315731044,-9.359909455148056,11.631272160890148,-2.6743348185059537,-147.55740321341705,right
3939,-2.1727301318988967,-1.3451039694701072,-9.26448858284481,13.838044892842376,-3.3836853525931034,-161.192841988949,right
3940,-1.8861153535638917,-1.2399319140059477,-9.576256109214926,14.197069868787587,-2.0375899279330034,-173.0773443881878,right
3941,-1.5103023078774185,-1.2637204670605848,-9.734785221154832,12.635357913996884,-1.0958294361942467,-179.1805670431911,right
3942,-1.1706637658206978,-1.3881355001397,-9.835487857279515,11.76029634363774,0.003775204741758742,-181.14022942397992,right
3943,-1.328503026954754,-1.4229345775578497,-9.483040544272683,13.222418645389808,1.2698821493457793,-181.4403817706046,right
3944,-1.6348434096441724,-1.278952919766751,-9.548866779611581,13.75661330831921,1.3836194608960701,-182.2076717159582,right
3945,-1.8342251501467541,-1.2002122597311615,-10.20249547443628,14.222981348441351,0.17534869786745144,-181.58969007351288,right
3946,-1.931787733687135,-1.3292940387518328,-10.406820338442028,15.389145209526603,-1.7790013913550564,-181.16680945115,right
3947,-1.5734406601216127,-1.2099552904652233,-11.211937648996704,19.08290235562594,0.1180960154169437,-181.04987553640754,right
3948,-1.3240820175578198,-0.9494315961302772,-12.155591311942384,20.94438008224658,2.769478518127122,-177.9281645157516,right
3949,-1.7878239555589288,-0.7507589812507788,-12.020729606256259,22.308553747488062,0.42649974514914213,-173.9415334610057,right
3950,-2.208727687030259,-0.29311062301377777,-10.023281316851584,18.944360785439393,-3.5016715922362973,-172.27958677521315,right
3951,-1.934020831638413,0.1442517545581491,-9.353163454580468,14.94045411098093,-3.0411535905152913,-166.01582489435555,right
3952,-1.8499830772099237,0.3022012908151497,-8.310969249148286,11.855946711266327,1.8782170265561766,-158.83583989393136,right
3953,-1.4494419634181983,0.46354629720261414,-7.938591585804941,11.761432965007899,7.246915005844267,-150.02928348766966,right
3954,-1.2764272221242643,0.6446064691818019,-8.55020942024239,12.43056279551034,9.910987295087455,-137.0516041633138,right
3955,-1.4408217825038339,0.9555810657584718,-9.161679361638562,12.467140912189755,7.091035716306703,-125.3248915309965,right
3956,-1.6054223468568156,1.3694127832168361,-9.637845044842175,11.029971317747922,2.831677981350939,-116.4039875827301,right
3957,-1.795359187903491,1.5488615340454281,-9.632378607242918,8.639800022028432,-1.3350660101994534,-106.78289167681469,right
3958,-2.100457269131171,1.5303464240352347,-9.451489472270255,9.524064758615904,-4.396782586286184,-99.8058806287233,right
3959,-2.472820229980296,1.6336435675896752,-9.42654486636674,12.430913195480919,-7.853362513278175,-95.15726152334993,right
3960,-2.7423570394442973,1.6648908565223484,-9.433217947404108,14.628922484198156,-11.552258017540145,-93.61711946712862,right
3961,-2.981607727790799,1.6287842627716391,-9.514471301212117,16.833684432982036,-12.448764054046368,-92.46943665927438,right
3962,-3.1518298383461123,1.695141946712746,-9.342388070620157,18.902805292709193,-10.755706445731594,-91.96323076109854,right
3963,-3.1596875850882404,1.7567543481708103,-9.331724084390576,19.623701081660432,-7.275160931356352,-90.28815464411682,right
3964,-3.3635087538314683,1.6714085791837414,-9.161328621649236,19.97758873596863,-4.279812375610559,-90.4597484290023,right
3965,-3.046362903738087,1.6268449147551296,-8.93094155273366,20.02187876586009,-2.121653678113511,-93.90072250645173,right
3966,-2.6742007087316026,1.4473113520281524,-8.784151271021688,19.256644891740148,0.1782305073403485,-94.14020757319041,right
3967,-2.904792929868897,1.2796160878596672,-8.840862488206286,20.225205458551695,0.9206113114063748,-92.77480324594951,right
3968,-2.8780985766232168,1.3556262152766436,-9.117507442227293,21.306481485140285,-1.8967931541781768,-95.07592483262817,right
3969,-2.898096701357982,1.289563528885927,-9.411094904206843,20.709122522735317,-6.689770997749569,-94.31138377532554,right
3970,-3.3047244293110793,1.0334489406592777,-9.034793083696814,22.013052255921483,-14.074556560942625,-95.66050673953428,right
3971,-3.2521445444688606,0.9228268464539391,-8.904564449849236,24.689549104762538,-17.051993945378378,-101.12550336322785,right
3972,-3.322674383430476,0.7849792333555792,-9.151813263510189,25.4836856042666,-16.401554959893268,-105.3621728057466,right
3973,-3.5914004145506184,0.5259001900871465,-9.174306597445558,25.96205671048589,-18.036930045916545,-109.15575166791011,right
3974,-3.9065191381607915,0.2768382275387776,-9.038876289832919,28.250806121719414,-22.75016761078949,-116.082728491389,right
3975,-3.4519588583895215,0.15159357088933723,-9.777806765527684,30.657551907768628,-26.81975049346577,-122.58680474332543,right
3976,-3.123877580497149,-0.03180648359982366,-9.702129772520877,28.781909952090167,-27.153356020617174,-123.67248496690229,right
3977,-2.827073309034686,-0.24958577700115211,-10.111627860772009,28.022340356310636,-27.334902367147237,-121.0334595142769,right
3978,-2.856720649383087,-0.47137156212361103,-10.644196951545748,28.11965027793194,-27.592180843118292,-117.90895605731438,right
3979,-3.237047123276542,-0.6610015746665575,-9.633562614517295,28.528500370188844,-30.40762767750858,-116.34751409248601,right
3980,-3.1539909412388183,-0.7743980773111964,-8.893253517128919,29.20900862733467,-30.981994160233054,-113.32287602233615,right
3981,-2.746615475966638,-0.7593489653753088,-8.485517866157299,28.82979768839159,-27.06938909641783,-108.62582883743815,right
3982,-2.4919614589010024,-0.8108406940875313,-8.355639614381328,29.226142113712058,-21.377463968687227,-100.59070077225903,right
3983,-2.588915067477411,-0.8555477778153967,-8.682299025276624,31.63899625629149,-13.481139981775861,-92.41428457968341,right
3984,-2.6217119243274314,-0.8791966411487082,-9.182854751710767,31.913039518240648,-5.403307689237071,-85.55964882365143,right
3985,-2.672345169157528,-0.990307183107713,-10.255669952197916,31.38114015204299,-0.27306275092253673,-76.82734285689129,right
3986,-2.8345750159990204,-1.1513487919391963,-10.631523451715658,29.594152348547716,-0.3197112377411897,-70.14626368534367,right
3987,-2.801496070596043,-1.2624106037475573,-10.401946750098668,29.113504103825687,0.07788107147145107,-66.6332681851217,right
3988,-2.965966629821338,-1.2874556222727582,-10.170693689790617,31.163672677007423,3.449326361801056,-64.16956636567737,right
3989,-3.0480939327625216,-1.421171555189219,-9.616055653061306,32.63451846624996,6.490316493643199,-62.72202448569932,right
3990,-2.798526260169962,-1.3281572493397136,-9.464613211999595,32.39628610000073,9.15686847555219,-60.29588094259111,right
3991,-2.601598046226041,-1.277179643653496,-9.575876076499405,28.979622365125906,11.539047462613446,-56.13339627040092,right
3992,-2.541000559611834,-1.2718574600449208,-9.14827753862046,23.753815287262135,12.517423857706417,-52.90010187882385,right
3993,-2.3001539949551093,-1.242645562167346,-8.940339758959006,19.31097595804647,15.306712060589104,-50.74922779020403,right
3994,-2.190592660751167,-1.1332213827243918,-9.023127173201425,16.319456728084212,20.1433867195384,-48.203292980817125,right
3995,-2.035698453548614,-1.0757699850035491,-9.050660284761678,12.994177068725527,23.345720670529527,-44.563551887149835,right
3996,-2.063278182797334,-1.1111689355536352,-9.077339561550477,12.441949466113662,23.69358392833897,-40.751865530744354,right
3997,-2.040067423375007,-1.1588525519805206,-8.90033561075416,14.05341485229857,25.91046163330164,-40.499258820804286,right
3998,-1.9673303529527972,-1.1237043791144532,-9.23641377665153,15.863250097776373,32.07170043869984,-40.60017841362214,right
3999,-1.7488404262252253,-1.034008330003815,-9.526412420852756,15.953050178968885,35.984874836654505,-39.93741074361471,right
4000,-1.6335148510930928,-1.0868871836291658,-9.758426623948267,14.643243552349768,35.51816950778852,-36.345948784953166,right
4001,-1.632912471932893,-1.3030658547169434,-9.856074592380356,14.983401702584809,31.03001570824298,-33.85730789244167,right
4002,-1.4369843107478788,-1.2795261999404646,-10.050614189447383,15.22306131506861,25.96823641109939,-33.17255127171564,right
4003,-1.1705040529619781,-1.2090317158239607,-10.049935789352922,13.465874481323125,23.656203798376612,-31.820273544823998,right
4004,-0.9635082035845586,-1.0798379555674529,-9.726984272522111,9.862387525960433,25.002747328888333,-29.812700943359843,right
4005,-0.7838065445720201,-0.9639629905619765,-9.6185089970689,6.149981245080928,26.713965365532108,-26.46290514298096,right
4006,-0.7050953536497468,-0.8652093431318768,-9.37550795309659,4.532328628264101,26.581457352500976,-22.05014575050959,right
4007,-0.6167576667432639,-0.8169449005659678,-9.554518575626835,5.160051610942091,23.88862990587478,-16.982591018934542,right
4008,-0.5602132824559498,-0.6919814277755767,-9.75332134773951,4.190435424892122,19.76536544988015,-11.254554072992919,right
4009,-0.7443999391414935,-0.6213450993380697,-9.728788348820894,2.2898319576681567,14.941203508869433,-4.23518688255989,right
4010,-1.0693036372733271,-0.6416518300516139,-9.388995814932152,1.6310148685079293,11.397971507654429,-1.5152388238466732,right
4011,-1.0134914381558011,-0.5113439683582502,-9.264270784036674,2.2070394099737762,11.049025101451894,-2.627613271679839,right
4012,-0.9669480904669654,-0.17488965422934113,-9.32393489309651,1.1822414920557034,12.647305563319778,-3.868608721062617,right
4013,-0.7583673577901688,0.08001998952573944,-10.084509983537068,-1.3795198081137139,13.281207512434015,-3.8321839844221603,right
4014,-0.7344064670235939,0.26749010576648824,-11.020686727964868,-4.412862584272158,11.200089582280203,-2.3716527497435402,right
4015,-1.132583647515181,0.2779329479626774,-10.323138490481531,-5.169186935147665,6.00423459290273,-2.631993712114533,right
4016,-1.3843268320971611,0.30705481579270244,-9.60599432233302,-2.960346616269586,0.07796957169989305,-4.492802181957436,right
4017,-1.2769158691878477,0.35281752828680224,-9.3280543482412,-0.6376563811964726,-3.253844065642205,-6.664453684085945,right
4018,-1.0059967651023403,0.44922830774228817,-9.453400931502248,1.5039470151242549,-2.606886806390919,-6.933552479830784,right
4019,-0.83900965440961,0.4714171984965324,-9.663449129699496,4.1876455719257955,-0.7228897604807171,-5.508518001556352,right
4020,-0.5783747876756453,0.5843287071952681,-10.309582233487628,6.621893256405933,1.9885432867537696,-4.435501563785957,right
4021,-0.4907743090974095,0.5782724425828967,-10.001573218780972,6.800743216250757,5.558836473857658,-3.930948881004579,right
4022,-0.3376551039628146,0.574700792832283,-9.449544336521589,6.78313549793234,10.06668762081452,-4.909676681121718,right
4023,-0.011150386694366077,0.5289415052032728,-9.271914329331873,7.300358277259479,14.884901309672033,-5.02943593194291,right
4024,0.18224922136139599,0.4607896935882203,-9.040852149990016,8.889701469866429,19.915089145107004,-4.235841782781381,right
4025,0.40622904388811065,0.36676297858896206,-8.940509780458475,11.178463833707742,24.227651991893694,-2.862008521343434,right
4026,0.527494233692253,0.27322821909205086,-8.82918069847806,12.473879201597963,27.03022461261606,-1.4278351505701194,right
4027,0.44406264377291205,0.20022573359786794,-9.10047200306534,12.489142250948621,25.345711251496677,1.2411116517209448,right
4028,0.29148677240855525,0.10362686864263149,-9.029949224904476,11.443107025850454,21.092105578066935,2.919032683953552,right
4029,0.38751474559733845,0.10636960307409041,-9.038355252167396,10.694862384901478,17.54227160509396,2.5014499492057944,right
4030,0.5356280182604838,0.06690833451198847,-8.977581406839523,9.968644061568947,17.066186531031843,1.961290726434472,right
4031,0.556814878528368,0.03743921380048765,-8.765007605945346,9.575643732551768,18.359564183335024,2.190449012873643,right
4032,0.392169062034891,-0.13616683269900323,-8.94799036791406,9.82816510486689,17.909514362374814,3.7646893605374196,right
4033,0.273813822180462,-0.17148364435826605,-9.514939753414254,10.94816578925134,15.173107947418819,2.6405043827239165,right
4034,0.4173856051131497,-0.10148620925767507,-10.079262486267528,9.6339536081721,11.526839387338317,1.3573769113072758,right
4035,0.7324287404889853,-0.15388931155698302,-10.393236040224311,6.754532829630147,9.187050871433998,1.3301648247070346,right
4036,1.0872033567161812,-0.18466434251378244,-11.647995076256246,5.021046853903311,10.441046694149078,4.146659869295776,right
4037,0.7904532946206086,-0.4110373136213731,-12.404786672240569,5.427527784631181,11.68640144039075,6.558408128284188,right
4038,0.30682047346305463,-0.571099358824549,-12.131926460287588,6.555980410169185,8.681779956043698,5.073076159262624,right
4039,0.8159370500818968,-0.39988776842170376,-14.450925382332011,6.273975843320056,5.9823804300412275,5.269027681825041,right
4040,0.7233926334999365,-0.36404003612252894,-14.776657704260893,-0.029899512352183466,6.125659600977047,5.579602164921322,right
4041,0.14885316744132648,-0.6711435536071304,-12.272720705502573,-4.431448872972407,5.534808020914831,4.092500932544529,right
4042,-0.012480308197096335,-1.0471852207827652,-11.364066142787989,-1.8567332515613677,7.095974809417626,2.5244703856951576,right
4043,-0.4653532640652669,-1.3947877050445696,-10.590787016600508,1.9703843435085084,6.7082754738295245,0.13848271062047823,right
4044,-0.6337750749251243,-1.5118301734921398,-10.171465266505823,2.5712627227114497,2.4725586179386325,-1.0178567420735265,right
4045,-0.7561643905636162,-1.8340748578259116,-8.81531087712743,0.3984839011354431,-1.5924853953845497,-1.8374589980278946,right
4046,-0.6541930908087221,-2.005552891151307,-8.294156446564335,0.2452708010551734,0.920195785074691,-5.6704477915578275,right
4047,-0.2875886171075286,-1.9687513011348965,-8.815750716872921,-1.122792967475994,3.6326798792299813,-7.739233175110892,right
4048,-0.04480891414692412,-1.903195594402795,-9.786537845764187,-3.792286294827263,1.8171766842537695,-5.098751247842367,right
4049,-0.27952853544819245,-1.9034022681494924,-9.664241539641262,-7.156030798164846,-6.123066973690783,-1.2341304763913588,right
4050,-0.32106992172566073,-1.8399914033503473,-9.704375003907753,-9.375210684357722,-14.003180999115552,2.2063653007093524,right
4051,-0.4539946833866999,-1.7137579849312725,-9.526921790719994,-10.685814453420905,-16.92713134294026,2.8804419844301252,right
4052,-0.48630347670563934,-1.471475404469609,-8.702584570682099,-12.201087965210899,-17.33983154473133,1.9827116500482478,right
4053,-0.42985783842394953,-1.1781596237681065,-8.131617488065185,-14.948846546531808,-16.461670771009775,2.499971132338135,right
4054,-0.31186980534701947,-1.00114379648109,-7.870861780041529,-18.542690437688215,-15.100392061367995,4.6334447146438915,right
4055,-0.3345973963719979,-0.9603301913403858,-7.436314404447966,-21.152470183972767,-13.476269290618683,7.046926407976192,right
4056,-0.4011331272222356,-0.8241989817145497,-7.176230361392209,-19.882531106410326,-11.42723202541211,7.495234395951573,right
4057,-0.3549686633574898,-0.7256701019732975,-7.299769221926722,-15.861259250988581,-10.513278340123954,7.904410207675723,right
4058,-0.41191380601027827,-0.6115640385798073,-7.519154816793335,-12.637984691381567,-11.791156970570144,9.834273370109408,right
4059,-0.511324114021046,-0.7023973300836667,-7.549464023656719,-12.316020507034382,-14.404399609963116,12.97768722087211,right
4060,-0.6349190515723842,-0.7918293766541976,-8.099088671075831,-12.386091853144414,-14.379675337743674,14.552550531764618,right
4061,-0.8029027318743376,-0.8205949540460655,-8.351202583018381,-12.289620141717537,-11.9314338924819,12.768576213446003,right
4062,-0.8103064697259756,-0.6975923769037948,-8.85958057737641,-12.317110986439275,-7.77529449155831,8.558200108047307,right
4063,-0.7411523004881171,-0.4860984991505405,-8.876168599430954,-14.280046952839559,-3.887461766984023,4.115992797181291,right
4064,-0.49645916849067895,-0.3450962521965409,-9.778416039845867,-16.3293679570445,-0.20060305269802808,2.626716317886016,right
4065,-0.692188605677373,-0.4345992166976902,-10.209932454234464,-15.967597653934048,2.204213500019881,1.1343616545948496,right
4066,-0.4275344542972599,-0.3063231413368436,-11.864696440760808,-11.366237895312214,4.5789926612314,-1.2046374519897354,right
4067,-0.40239300958503366,-0.054703093761869104,-12.534205738808232,-8.866791248863212,7.770118411891771,-4.544380288498532,right
4068,-0.638421204137888,0.20003305146610506,-13.228314974244453,-8.339404631962392,6.59398165796578,-4.172131920031761,right
4069,-1.2176524727944864,0.21211060768480403,-13.380286319461048,-8.34285548825958,1.404743868705997,-4.4780919575791485,right
4070,-1.3408045826731056,0.39921592671618933,-14.814641591312292,-5.191756772790136,-1.0825204983418348,-6.731079746313808,right
4071,-1.8336730673586965,0.5582590621898543,-14.154757490801057,-4.0842276539460505,-0.48493112740399325,-12.047847765045598,right
4072,-2.074782661437448,0.9801636910577334,-10.084079314004256,-3.9020981199088727,3.1736798955715204,-21.84251815307271,right
4073,-1.804905466989049,1.451514773505452,-10.74005835300104,-4.202833988381929,5.306536585256591,-16.38829906736631,right
4074,-2.016434040015959,1.333382059219499,-8.650032650468756,-5.441492110187291,5.026343135939914,-16.953153972258857,right
4075,-1.3319350097904201,1.549459879305009,-9.263702391926975,-1.332431954817495,8.63528569433284,-17.038204074077054,right
4076,-1.1575199329367214,1.82823927602376,-9.562685102093278,-1.4680722520083078,9.71766934215461,-16.304399245495,right
4077,-1.0809204922735391,1.937473446480511,-9.477536530865002,-3.2901179448829607,5.381603059757164,-14.687036453688975,right
4078,-1.2155058592355772,1.7440791193934344,-9.864909518154303,-0.5503815944680825,-0.41378177048493386,-14.229935138179394,right
4079,-1.349221821994568,1.559182171313951,-9.95849828554898,6.480597948300186,-4.651035414024788,-17.38264927604374,right
4080,-1.4249753160293723,1.2863523923945142,-9.00600965392438,12.093023566297298,-9.51453004199878,-20.237267358636945,right
4081,-1.3275560631108259,0.9823822412376951,-8.492924413028168,16.17792187870234,-12.744216993183901,-20.947774496778372,right
4082,-1.2981700167589563,0.6263635436826089,-7.528796363072001,18.550028622449823,-13.83223151958017,-21.990263334807494,right
4083,-0.8832649871305174,0.4944132978975869,-7.042149505972588,19.2097178617594,-11.166042444643164,-22.09706174897798,right
4084,-0.5442641864083178,0.3710857788943471,-6.042424995710514,17.462481310927544,-4.531675886518655,-20.91387666520103,right
4085,-0.2330238149810575,0.2690062062418246,-6.178223378203197,16.684281839523713,3.9908672644899337,-17.94676794648777,right
4086,-0.3072614482362248,0.0993738238357012,-6.1500088582229,16.202657367501274,9.24098859199315,-16.498948793417075,right
4087,-0.09855613356001314,-0.0018767330398306303,-6.85458662791113,16.713544803750843,10.940117053254838,-15.332758890584481,right
4088,-0.19967260198842007,-0.04018407824968753,-7.2513648121726275,15.752726705087802,11.050227320605448,-14.567292523236059,right
4089,-0.042602500884461936,0.05206116076491951,-8.240314156341572,15.270097750374202,12.519927913021347,-14.65900838638684,right
4090,-0.09016519720159,0.12446703162632143,-8.521892998260165,12.788817829647282,13.76443206957918,-13.403804100791593,right
4091,-0.11524055645259779,0.04714045281011042,-9.695289537263054,12.889078302636127,13.909820478555583,-8.893367012760201,right
4092,-0.14275729250988167,0.06359278595678963,-9.960339301135573,12.630203635196457,15.79737228482937,-7.887518796481084,right
4093,0.2445950638912171,0.14095127921722572,-11.614367138944633,12.531834128695136,20.229431122147282,-4.570163371082209,right
4094,0.16748581505055782,0.0366744522960436,-12.215520305448225,10.587031371050957,24.166951160578993,-2.9575403700817464,right
4095,0.44499392280603445,-0.05280983750426482,-13.578450432114137,9.160489919263183,26.752694318945238,-0.6727389629461125,right
4096,-0.305760126338098,-0.2353667881885526,-12.224280462773685,6.059520202128699,26.783323935279725,-1.696634414730396,right
4097,0.21879619445259202,-0.1285492212133515,-14.108848831229295,6.781600995831452,23.85940538389958,-1.174358436174779,right
4098,-0.1797304523361527,-0.2486826372807759,-16.012025974521062,3.9077365228514402,19.259228758303873,4.715958534274414,right
4099,-1.5251080256275236,-0.8307655986926735,-11.210896726179882,-0.8366788211078167,4.121400478585811,4.931355624961125,right
4100,-0.6084921402500676,-1.0978242220082572,-10.98437316311765,0.8801300037346773,3.0219766566648256,8.097022485029303,right
4101,-0.22804285659966972,-1.2440561442883769,-10.388604797934923,-0.053403291376036055,17.114864853535416,10.403490027577542,right
4102,-0.11885680171641022,-1.3773824668722232,-10.586587657850512,-0.777375058528806,25.9389357192134,15.47540821685949,right
4103,-0.46737932192929055,-1.6241422554844431,-10.782750997761566,-0.8876714805521528,19.13249603469851,19.055947319933136,right
4104,-0.608824685328067,-1.6930221777302308,-10.767197924740127,0.5155709820131591,4.799743356737235,19.836879065436342,right
4105,-0.6792058466311066,-1.5379974816842261,-11.008304355731077,-0.3980767728622414,-6.861446260401361,20.78392197597581,right
4106,-0.8274655560926241,-1.4458892606128497,-10.267280082100118,-2.8988510673914973,-15.048633704628337,21.209781339597168,right
4107,-0.8919565936748688,-1.2265403487021325,-9.125373449646224,-5.79108591429185,-17.431617543432086,20.23328949784719,right
4108,-0.6480179631163456,-0.859751735191455,-7.937915643515826,-10.837810402782758,-14.542106845921074,19.923461660862635,right
4109,-0.4479523367710625,-0.5022776840361741,-7.133223601874821,-16.63907468810043,-8.520812016364106,21.621509669892635,right
4110,-0.35436842584456474,-0.3386871019611485,-6.240594491240415,-19.764703052882687,-2.325961080772836,22.768885072029516,right
4111,-0.29817957657992245,-0.24519770096178664,-5.81876104316356,-17.969033027212713,1.538145079688885,22.02140576742879,right
4112,-0.12216023343942406,-0.1577568170612114,-6.173279205997769,-13.967807597885223,2.8887693183561,20.04525815409941,right
4113,0.02472299789206467,-0.041020160396150834,-6.716151684277137,-11.248177420006272,1.789158398719041,18.010600363745333,right
4114,0.11841858149538487,0.010664955655559194,-7.068250218683473,-12.044664484588285,0.1627769949759374,17.05400696877951,right
4115,-0.004737298301848103,-0.07801061460194036,-7.507858787550494,-12.943083626806835,-1.5886288939759514,16.60134082967235,right
4116,-0.2154130708222164,-0.1787902647002965,-7.873223254333886,-11.374677336857559,-3.8472004937822795,14.062670472650822,right
4117,-0.08722805334073591,-0.12735334626983177,-8.721225638648901,-8.97836852337917,-5.3889683690457355,10.426582654881907,right
4118,0.1177774377949885,-0.09635851443586396,-9.863872720162448,-8.413079813929471,-5.319787854977803,8.75510162457683,right
4119,-0.1339023214255186,-0.16972529575961587,-10.139158564275952,-8.172433453039714,-5.7457632005798365,6.667723522033041,right
4120,0.0007312470628804135,-0.07674315071041282,-11.409565825309976,-8.6868154635174,-7.048424469086093,4.853741874869211,right
4121,0.0028897447560423117,-0.23834284041107123,-12.179944257786586,-8.499150110365068,-7.789937070854059,3.3347080125013795,right
4122,0.05266656587937879,-0.16596608565082105,-12.334622509415032,-5.383287463997017,-2.236114261016929,-2.2373321336277776,right
4123,-0.4080786042816129,0.008835560694648803,-11.697373982670303,-3.1996636302923775,2.4733925830981067,-6.514014573759885,right
4124,-0.38412541042922665,0.13792177447148735,-13.27628227954737,-2.0836350222277535,3.441549712270974,-8.599746663550572,right
4125,-0.7248260388493044,0.4843791177563215,-16.26653045347573,-2.66354842601261,2.9191043143325333,-8.649891708836549,right
4126,-1.7227690551852723,0.6370698436301806,-12.052844697112953,-6.784806606242808,-1.479826990489593,-18.59091228405448,right
4127,-1.439422460340773,1.2627764704503208,-10.295605932095024,-7.304659362124329,3.0713405689755024,-21.97384084349955,right
4128,-0.9910782692592917,1.7278952114647568,-10.619088853755747,-7.83634351161206,11.836241869650966,-19.04657520958858,right
4129,-0.6837222035160821,1.9046737982083033,-10.842475747036424,-6.2215929521164,19.88632012230068,-19.589272040263946,right
4130,-0.8313078995895595,1.9854296813007022,-10.415597321851823,-3.3016954098251827,18.707137046382528,-19.900429034288425,right
4131,-0.9558318545867204,1.9143695365311086,-10.15309334157482,-0.03528432462621467,7.628378518840348,-20.337305067053443,right
4132,-1.0216276464145846,1.8221739089791626,-10.752300378964298,2.8302524388877695,-5.092134667732976,-20.96844921559557,right
4133,-1.3103798123176014,1.5770353414993876,-10.13389020217622,5.404234573669216,-14.516801682318626,-23.345456275030926,right
4134,-1.3267791985184378,1.2402951779619769,-8.740269988602998,8.820192363509822,-20.059308492914102,-26.339679702472342,right
4135,-0.9756792261016347,0.7576549360053839,-7.567494679961779,13.524421275816525,-17.86791728987032,-28.384120834320843,right
4136,-0.662449867037131,0.4589569136419218,-6.935887671828196,17.94295108514333,-10.403127938056413,-28.086125378384907,right
4137,-0.31926584228309896,0.3674305796572975,-6.694064559647324,18.43418998898955,-2.086824021284485,-25.194187083907188,right
4138,-0.11768840500319455,0.26625014825857574,-6.283087418922637,16.80037825558265,4.881847388425535,-21.90732466642625,right
4139,0.05380547192556939,0.34777702849375935,-6.492245823999304,15.580798513043447,10.327714765758849,-20.382277709737743,right
4140,0.3006496993000243,0.39746198318611914,-6.545588798020939,13.864887940701479,11.475609387537654,-19.025095267317045,right
4141,0.28817374344418,0.31952161786163985,-6.915386629561004,14.23195593807464,9.370048946591393,-15.71975865901545,right
4142,0.18283313110697863,0.24884912215022342,-6.77106943721987,15.500974124134821,6.567608764108779,-14.736880702934938,right
4143,0.18163369142067687,0.2877559127243098,-7.611487408368398,16.14660301096431,5.747041850325533,-12.976825922573619,right
4144,0.06975410445230645,0.19568321170169808,-8.13893571113379,15.423489238746765,4.851852936865211,-12.54454804748216,right
4145,0.28625792632009706,0.18898469810440433,-9.552951634471135,15.505028350304112,3.210466300259065,-11.791018504651696,right
4146,0.38837313388082606,0.13588321949614737,-10.447589169354865,13.982175190687078,3.381363927054615,-9.755653373938745,right
4147,0.33690234058133095,0.1301181044488441,-11.852250337680552,12.001506676558591,4.297226330631787,-5.081121636874107,right
4148,0.1264849543698876,-0.039155422660454964,-11.967193604521446,7.429309121514117,3.8235962602144893,-3.2264835476774945,right
4149,0.2351210269532178,-0.15977357271421794,-13.574865647208352,5.91438250497136,5.879116792846275,-1.365384155516352,right
4150,-0.5338141854137528,-0.4029042413733106,-11.818924677738966,2.7539306366821834,6.46668765298186,-3.5023851739107625,right
4151,-0.19319931900209752,-0.4355708968252609,-15.488082363136655,3.455451262730776,7.507846682076094,0.3601200300158396,right
4152,-0.3705104938481192,-0.43697668489211267,-15.959867121197819,-2.2840892606552825,6.371741442589178,1.3854522874154431,right
4153,-0.5715262190119161,-0.820390988599233,-11.056033480479954,-8.826623355924667,7.981062137678799,-0.7832504966545439,right
4154,0.05597822680867415,-0.9217757773687916,-11.435725575772503,-7.86621986084689,19.801404355200873,7.545121749865009,right
4155,0.18928656743958294,-1.1437131427907457,-9.7019605180815,-9.875196737863515,29.975842042230678,10.03982010633449,right
4156,0.5506778864222976,-1.2643748128544214,-9.680579818671326,-7.1631419620717045,32.8290851827599,12.618200217051754,right
4157,0.6967578690005927,-1.3424822225799948,-9.71457975457203,-2.9367264015403736,26.697786368489567,15.177113544423326,right
4158,0.7263252114020307,-1.35616595246978,-10.405541944194125,1.3606486670917048,14.5074322598496,19.94517952265444,right
4159,0.2878155924793737,-1.4351997147040263,-11.104026968674415,2.8908648389209093,4.900220670577908,22.652788663938825,right
4160,-0.3234845065491676,-1.3852943803114397,-9.998575917052655,2.7090271052229142,-5.01182315913838,18.610061905796734,right
4161,-0.3347094795159582,-1.1020056177589088,-9.34577711132198,-0.8640919043306328,-13.63092737094188,15.682151046327247,right
4162,-0.28698672585319684,-0.9477292367001858,-8.301482615658674,-6.671415721021053,-19.560771904614064,15.02025506056043,right
4163,-0.08299074920503546,-0.7081904563592721,-7.5674287292098805,-11.76891089666935,-20.071664773906765,16.373295281557652,right
4164,-0.243105317545262,-0.5994804543964142,-6.749459283009844,-13.641611260479312,-17.77522964741017,17.337453808749878,right
4165,-0.19292526633078388,-0.4432280202256955,-6.660445352008527,-12.943014001673234,-14.84080721845822,16.036217259560253,right
4166,-0.21841997797447776,-0.45546990069604965,-6.47426015752203,-11.773048561054294,-13.536814100590973,14.519348278529632,right
4167,-0.05945991369179637,-0.33414829662578543,-6.877142148677645,-12.054771316597895,-12.922557365988387,12.690945746959674,right
4168,-0.037983538427111885,-0.3318307335407919,-6.8994513989204185,-13.647671588371452,-12.16857578769583,11.623931947726405,right
4169,-0.14069586440279203,-0.2311820759395103,-7.35482120812863,-13.710686487510392,-10.889667721957894,10.915058672693085,right
4170,-0.2321728760901638,-0.12373993442026068,-7.80935393980736,-13.11916976507188,-11.596511604424329,9.725313399753542,right
4171,0.12301917157808484,-0.07578331270010893,-8.968470003206713,-12.396677154400102,-11.875817961791897,9.87554548831966,right
4172,0.06905854324307104,-0.2389025378679079,-9.851189476572117,-10.044743060535591,-10.970838752883054,11.668602496734593,right
4173,-0.15908860136335035,-0.28803832141731434,-10.182075144534117,-6.505220593197084,-8.368812483191304,10.081154509490423,right
4174,-0.10634479223640314,-0.15651861856416988,-11.392837975140356,-5.235923918741191,-5.418256328232228,8.195512533207735,right
4175,0.34171953556258083,-0.0767350922778271,-12.546038900607847,-6.456172329690687,-2.4722355945983017,6.460338427009045,right
4176,0.5389137404912736,-0.08916651818507504,-11.763438076233735,-7.623428608880427,4.340825144573992,5.5546589313015495,right
4177,0.19937263812748895,0.06166983947723556,-11.834971679239414,-5.46586056168273,10.451465396745265,9.123427202483066,right
4178,-0.5300037705752221,0.17749754550630525,-12.2670087836179,-2.7631920064270354,6.752966435547442,10.085160644070367,right
4179,-0.6589561893723923,0.44525603086546595,-15.333223626161267,-0.2727762686121662,0.9614589067867714,8.732139038650057,right
4180,-1.718386242661921,0.47371347038316985,-12.853090472996527,-2.033683098515472,-2.678565576690463,-1.8565285086766197,right
4181,-1.317113390376072,0.9674798297476226,-9.343770257150975,-2.61984697503779,5.196260846730417,-13.128830895252612,right
4182,-0.4438649851385872,1.3475910903069568,-11.177730750719004,-1.4706551793516596,18.766243033639796,-8.891746600371992,right
4183,-0.5055041116400503,1.2157412467990434,-10.488308490540422,1.9992489995702951,23.785453334904126,-12.980751251833826,right
4184,-0.16920503703936918,1.6124187142050523,-11.527784171137043,6.370837646516808,18.413717894277784,-15.31511938982538,right
4185,-0.06641986070478545,1.876239792167316,-10.329170910958348,2.8123017820230745,6.757061662331961,-15.581684975506544,right
4186,0.11087758034267692,1.904139705076672,-10.839565687656808,0.4702062586902094,-0.8977446398494138,-10.821355405597334,right
4187,-0.5887445090990915,1.6033996185335075,-9.986635203105859,2.0396273010879016,-7.629143628188249,-8.777079622970737,right
4188,-0.7852924828795622,1.3186764269549351,-8.890616212911132,7.39184188743267,-14.26600076388277,-10.573434281275933,right
4189,-0.7530399231088349,0.9008954448589537,-7.636863323981084,13.472665606146188,-18.235931830505958,-11.618667665635183,right
4190,-0.49042833411922127,0.5425936058170444,-6.858769571320103,18.729850422261148,-16.366642495474412,-11.699193927782485,right
4191,-0.421417605871095,0.35414344617293647,-6.459867700015349,20.959121373999583,-10.254367532785915,-11.86665933003054,right
4192,-0.13860411140201556,0.2662740602044242,-6.379776490730579,19.339305790336333,-4.52525301073416,-12.476242518420229,right
4193,0.15449919375376608,0.215345057168206,-6.493200717260335,16.363193362833943,-0.19369294629792577,-12.124032399533688,right
4194,0.3164376979309711,0.16451398248683696,-6.469837011693859,14.654439583412158,1.0215152053452234,-10.915549844044143,right
4195,0.2732882611248495,0.12173294412152129,-6.448936732591971,14.436193856166824,-0.2670671293762384,-8.572079377831813,right
4196,0.22693442257014662,0.13213632592004323,-6.553144534298391,15.177418092192553,-2.97052227770682,-6.516626336365429,right
4197,0.3050003259007221,0.1877817468627883,-7.46548269692283,15.164287315738076,-4.248445264733851,-4.257936770131366,right
4198,0.47935505354392527,0.17312471064557433,-8.403424632448177,13.947116193944453,-2.837930667473406,-1.5653893835533461,right
4199,0.5417828110392735,0.07246671643956898,-9.437453603710061,13.512360539160541,-0.44767521800046656,2.1740385145277488,right
4200,0.46213232225141354,0.0038574251777828694,-10.265801199939967,13.626873394143406,0.3063776075939988,4.166953333242629,right
4201,0.3300278202644029,-0.007558942325227969,-11.444245045567433,12.648658154066093,-0.5648336733260693,6.484289458497505,right
4202,0.20260333283487952,-0.08626195608995446,-12.037256941129613,9.691161509299368,-3.0209181668135776,8.047744258710942,right
4203,0.20869435922330926,-0.26591513338193645,-13.179113363951764,7.252654560414968,-1.5839099253892912,10.590810346810475,right
4204,-0.41637213589367406,-0.5788200122693283,-12.292250444701494,5.278672865125073,0.15637953913555602,9.452266912777764,right
4205,-0.007993750980480385,-0.6897866554409806,-15.224535972182172,7.821412036243905,1.582040544682444,12.14048329888075,right
4206,-0.7552907036111325,-0.9497387883463284,-15.646822228006842,6.392461477042301,-3.8159709228140573,14.837864302242748,right
4207,-1.074467594963206,-1.2823834049608291,-12.497986864646414,3.1990818785516932,-8.320925283817012,12.113632550276517,right
4208,-0.893525500221922,-1.5791779695018264,-11.498890909127748,1.380570106754916,-2.1635076764145715,15.854908444381293,right
4209,-0.8897320076951272,-1.9226627278926882,-9.804027713152948,0.6272999980983958,5.618820423928344,16.163756458961377,right
4210,-0.5813215663510505,-1.8986244657763784,-10.437413180924073,1.6150629209352907,10.141396116776127,17.169380472053913,right
4211,-0.5501152349096103,-1.9208514332723354,-10.68694519684323,0.48994614437259454,5.65295969727815,18.248044300131667,right
4212,-0.4804680567064814,-1.8062891480817378,-10.66476211439475,-2.4739607219328237,-2.5878826884536146,19.08127204236774,right
4213,-0.4726453512495903,-1.6402524120200144,-10.294690737837865,-5.850469224282099,-7.0878679861856755,19.35718877556782,right
4214,-0.6213771755028175,-1.4849224013774234,-9.644243656811014,-7.92426643214374,-9.171933809527959,19.431727567698914,right
4215,-0.6358811694443665,-1.2032623108357878,-8.522862387625128,-10.222872398063778,-11.23440769507862,19.088936730810033,right
4216,-0.5844336731019193,-0.894194171476726,-7.881194240671184,-12.804947821845783,-12.612025434504321,20.677785942273655,right
4217,-0.47521100506021874,-0.5797942111557967,-7.201163120428571,-15.972987751820973,-13.140888781447641,22.028184860462453,right
4218,-0.5122099915970861,-0.4348482562407857,-6.86567237239811,-16.978165338864958,-13.087064406724329,24.491736991702272,right
4219,-0.554021827291503,-0.41494940442995654,-6.444615756813853,-15.50118764593451,-12.559877886995752,23.473773931989996,right
4220,-0.5739601662341998,-0.41720746218177507,-6.89011705684994,-13.570009223110961,-12.146795631105235,22.193596011900922,right
4221,-0.5459709999449984,-0.41281092932133745,-6.922361875756382,-13.03949633430463,-13.54445578216386,19.533600271102976,right
4222,-0.7274412252044216,-0.38646016316338067,-7.122918487740771,-13.742398412727635,-13.784520297009522,18.052597073287494,right
4223,-0.9001939965242793,-0.35323092455815264,-7.218791746967626,-14.953397369898044,-14.495257264564263,15.281992058748575,right
4224,-0.7389315597500112,-0.2708844862906044,-7.984489374496119,-16.00460528012064,-13.438816742066392,12.935100545772611,right
4225,-0.6102575952120444,-0.1606369765170089,-8.80579597662786,-16.250238888914062,-11.402784296765935,10.967700850281528,right
4226,-0.6640622862442993,-0.06149356881651066,-9.81011408549494,-14.67963829516214,-9.688856053283095,10.231652622404885,right
4227,-0.9209783151152018,-0.09978437496179007,-9.515709122107511,-11.692753002628713,-10.34100244640168,5.544586134510737,right
4228,-0.7743930105929109,-0.08986547782606591,-11.213935356605386,-7.213878112093498,-9.45652717052403,3.5361056300218117,right
4229,-0.8762109436346259,-0.1961959543852851,-11.864562688129789,-4.667206872919548,-7.91330888468615,-0.8676176509060882,right
4230,-0.4309270049541034,-0.039497667216081,-12.197700759061378,-3.3249954936722004,-0.8901796393081303,-4.910774046459244,right
4231,-0.8148794653599682,0.01232330079953406,-11.376376285387517,-3.400738515141919,6.63883972882498,-5.609382383894489,right
4232,-0.813066142306285,0.11370800767105008,-13.903663603845994,-0.36147049020872724,8.715263729542022,-2.977910584457038,right
4233,-1.4669391476241334,0.12909593096419386,-14.96114404508764,0.3628804809964272,5.452810877899472,-6.7227987626978045,right
4234,-2.140620920330086,0.40841339712379776,-12.177663995002776,-1.090448484763857,1.3030639467350922,-16.769007296237216,right
4235,-2.1032366149223396,1.0022355672602439,-10.309702821511902,-3.0889400118305983,4.6854731026103416,-20.536481327033282,right
4236,-1.6233323980251213,1.3286182122595336,-10.522234709463053,-5.379024063939613,12.572260622409718,-18.887210387847897,right
4237,-1.3610162788275013,1.3259847380487941,-11.081701194927787,-4.995243375280353,19.923442584738357,-20.30032362446407,right
4238,-1.138784293583842,1.6113649942549158,-11.007587201714317,-3.7724003177883993,19.37466401213692,-24.047584694583414,right
4239,-1.1924972810787575,1.7698579076981436,-10.412797938982145,-4.3792916981497285,10.178796708785928,-23.85547055834125,right
4240,-1.2671936661426861,1.8183110442283377,-10.343522515108617,-2.8637203398060276,-0.7966059938055736,-23.47416925238372,right
4241,-1.404803948887111,1.6155322647442836,-9.911557255216554,2.2662533326143643,-9.120996919983725,-23.295620054100937,right
4242,-1.4415603272456532,1.3729356715527719,-8.525039960743953,10.094268941968213,-13.864950510093308,-24.716132354429966,right
4243,-1.329211274694008,0.9960254132110753,-7.5374430675436574,17.60264720579736,-13.464939268668049,-24.272554358986337,right
4244,-1.210198619308732,0.5782684655299801,-6.852198273500548,22.29408301616835,-9.260270377511079,-23.93237859566785,right
4245,-0.9250395151962292,0.41134572654085605,-6.753764415109902,22.728829210184486,-3.5949687777299104,-22.165100937363448,right
4246,-0.4641688095780352,0.34499145833081846,-6.546827418953814,19.6973923660657,2.601894450410123,-20.065996947754336,right
4247,-0.1961008460249576,0.3083792280265919,-6.555734747379391,16.495604950942266,8.725721818139998,-17.554542833990507,right
4248,0.005184028047198641,0.26590724879440036,-6.585931992306834,15.170869749908395,11.537332347753212,-16.83695305653111,right
4249,0.11999361345662463,0.2875521563269173,-7.00362067556792,14.704289331635271,10.403611422460664,-15.321833261044315,right
4250,0.09230239343616864,0.323575801176471,-7.123717684219088,15.060685288372795,6.10163427276075,-13.852946234088325,right
4251,0.17043982280793513,0.37138021026448653,-7.989827924944498,14.813159445965677,2.9090460257206767,-11.388273917259943,right
4252,0.109115290136089,0.39557684326135156,-8.50460794685431,13.276797214382702,0.8734453633024793,-8.074866627454693,right
4253,0.05124973899552154,0.33747904912286464,-9.278654203456076,12.256813287950804,-1.5508420094082562,-3.7610185435104735,right
4254,-0.10705515756299278,0.25797909007945385,-9.738518076011632,12.227229072180974,-3.162796422808546,-2.0366680267271713,right
4255,-0.12927475459501414,0.19717164968830125,-11.000863354870011,12.566803523021438,-3.9377799012342076,-0.4581019516147644,right
4256,-0.24322737390706362,0.05647737194407004,-11.51163554402216,11.617944028456273,-4.722156240850629,-0.9913954790969792,right
4257,-0.11071845632984845,0.020894764252811338,-12.31169313851577,9.772526667938754,-0.7564091644414398,-0.7910164015047503,right
4258,-0.38234931473203915,-0.17769549319492522,-12.074168489080192,6.4611903286924,5.6511346577297354,-1.3489699682751954,right
4259,-0.058380917401307464,-0.2671226132421719,-14.722871774104846,6.09223871599364,9.332694145445132,1.6610465180115812,right
4260,-0.5612714507545853,-0.5917386541985983,-15.295034970604446,4.137345191142461,4.926042574672685,3.1937101977444957,right
4261,-0.9317302657600379,-0.9182097512049814,-12.785806440563883,2.7202946765785168,-3.4782769118954313,1.3670713603755797,right
4262,-1.0920022628386037,-1.3750707641420994,-10.546629691910638,2.1850389684174516,-5.0687814791987,3.9928106052205496,right
4263,-1.2464902851937651,-1.6830696640407414,-10.017098595734263,4.558191293266062,-4.214010898941918,7.781936985099399,right
4264,-1.2268587445895434,-1.701778231478192,-10.801498302255574,5.038689660459698,-5.978999821603025,10.924067688498981,right
4265,-1.3451327967910172,-1.7324505359241966,-11.089467041808522,3.0053063603797034,-11.085735544748735,13.045021944154234,right
4266,-1.3796683919491812,-1.675389214357399,-10.926441380352506,-1.1694388386472228,-14.998286759755278,12.938642226228563,right
4267,-1.3906368380992649,-1.5960229542198792,-10.483563405363187,-5.729356891359619,-15.664186684371685,12.833866985946349,right
4268,-1.5069886867106095,-1.4876599598565736,-10.447135968966244,-8.534646918353408,-15.378685378918073,14.348755618673795,right
4269,-1.657777221058054,-1.3398798430228225,-9.188061172172558,-11.171837345111829,-15.89058209248037,14.364209234036066,right
4270,-1.4989434145185907,-1.0248452704686746,-8.19081357523596,-13.454842848970227,-12.783785074844268,14.831220923863025,right
4271,-1.4089978489156492,-0.7635079357467206,-7.498618815749137,-15.363286306251789,-7.071546161630644,14.549312524166204,right
4272,-1.2263275814875967,-0.487370254274648,-7.138216433859954,-16.083319112952523,-0.6101408447647392,13.251842479593304,right
4273,-1.0370096240038955,-0.43514822532978015,-6.728769026732569,-15.472879256901068,3.858100065567596,11.393263045352171,right
4274,-0.775288688593121,-0.36929000193139105,-6.918825730139376,-14.145224685165259,5.724328923514685,10.271169799834698,right
4275,-0.724403859871042,-0.4425223061205823,-7.076294407335792,-13.093229779198202,3.7630039709433176,9.765062254374937,right
4276,-0.732663156816701,-0.5284801434221769,-7.4494396435542996,-12.218105738313794,0.10083945175510912,9.35178925253769,right
4277,-0.8734608252017488,-0.5015817202070462,-7.485363315284529,-11.832452852512056,-1.9896442115869408,7.606883378204658,right
4278,-0.85410121590371,-0.43991629396813353,-7.583989818677597,-12.117559128431926,-1.9393916660034356,5.982978975111124,right
4279,-0.7100054151455621,-0.42750728897371826,-8.046390836509289,-12.282056855627857,-1.0013652071923036,4.996388070079327,right
4280,-0.5636774297298732,-0.31707334178485064,-9.183667517743197,-13.051167977569586,-0.42732863719340647,6.331845536693323,right
4281,-0.8275522500444179,-0.4211126236046747,-9.231325856425778,-13.163166594516749,-2.9157684090767337,7.312372603326059,right
4282,-0.7851888621997074,-0.32581090720048944,-10.429842102701603,-10.872170150054927,-4.916726553367524,7.802240062680124,right
4283,-0.9796472241379761,-0.3090126600905116,-11.10656060970181,-9.429750415733944,-5.039075985752154,6.849473029714755,right
4284,-0.7966600410813052,-0.25090995407480254,-11.053939408122549,-7.706092335527849,-0.08829300276468582,3.299528319626166,right
4285,-1.0478452550070911,-0.24851693270067732,-10.520164105566488,-5.8603083825446385,6.2737500993612345,2.18244778308507,right
4286,-1.3401045450840714,-0.24268909246508863,-11.367234149623526,-2.3832883935046643,6.784483502026717,2.1348557012503377,right
4287,-1.707434483980303,-0.11952719584176319,-14.69872374356708,1.5620402345335682,1.8100951804036132,3.24552129609307,right
4288,-2.277080375223216,0.0334622308104191,-13.585998467920243,-1.001889588927391,-4.480634820660835,-4.8105705767928635,right
4289,-2.1875714771472627,0.45174827817608393,-12.162809063710819,-5.087623470710375,-3.038498404712878,-9.568351039019204,right
4290,-1.929113163542406,0.6312138373981795,-11.787371535179881,-8.809691414901206,1.8878417434788595,-9.095505424590847,right
4291,-1.6908258326520773,0.712872026155872,-10.777178604154921,-8.691479257577166,7.452354674274446,-11.108581002676626,right
4292,-1.2409609379972952,1.1270036653963482,-10.540454685085123,-6.68691460162392,10.546299514544456,-12.795417463356648,right
4293,-1.0281145559002471,1.5648358456995077,-10.830991938655824,-9.178938767371601,7.3289974254350065,-9.424337964193523,right
4294,-1.6304409897651513,1.6589758621817974,-10.321522799511207,-12.493149148516746,-3.6463495759473914,-4.40756157606641,right
4295,-2.256105384082873,1.593994923616898,-9.550428857926317,-10.862898722516197,-17.01463605939789,-3.25710757896968,right
4296,-2.4406898552910796,1.4621176769780766,-9.029861473345612,-5.3540530391553185,-26.471344322543867,-4.217781312139049,right
4297,-2.3116543207369515,1.235045643777761,-7.97316618814642,1.1447986990237506,-27.20762202454151,-7.067738291000857,right
4298,-1.9881602210478904,1.0264785292981518,-7.37953497826984,6.600494563012067,-19.765798672765495,-7.532477812506267,right
4299,-1.5695030037229016,0.7553701961349498,-7.277735945627593,9.290879464749027,-10.524293351369977,-5.791950261736667,right
4300,-1.1943011047394645,0.573964716482604,-7.304640933462106,10.573924922217108,-3.3933253147661673,-3.2918513630885045,right
4301,-0.932772813232341,0.48381264344759606,-7.702288664474297,11.77556388285156,0.5990119306444154,-0.9533816218551738,right
4302,-0.727506339617765,0.49063803492787245,-7.844562402789074,11.589274249516905,1.6795819143780932,1.241377458340434,right
4303,-0.7291015100114344,0.5575468272051664,-8.201071722848189,10.370402336729997,1.0706950477145982,4.457290667312019,right
4304,-0.937757643103331,0.5525464594326165,-8.390908548154233,8.169754888334932,-3.4512749075712383,8.463107818023976,right
4305,-1.2334050935517675,0.46558574828788957,-8.377921239652693,7.497926347676325,-9.908793047521247,11.208469194157955,right
4306,-1.394866795138043,0.46871373665642213,-8.39332134451515,7.903820008323544,-14.669024038912747,12.381940878839709,right
4307,-1.4697425029042201,0.47158008362239173,-8.299294647532356,7.991017024346489,-16.334992137944838,13.198296264686004,right
4308,-1.329742623514793,0.5248095383876914,-8.965909775059258,6.545095850866074,-14.100452454445424,16.394292103208173,right
4309,-1.4152002740539538,0.4748065751254854,-9.32299422094043,4.1892335391948805,-11.291727807644554,19.918972922336415,right
4310,-1.4396716193166625,0.4770916740674326,-9.981824937757441,1.8234559119541753,-8.8722451324914,23.87275636811546,right
4311,-1.6789831790635903,0.4419807312534756,-10.135851333079527,0.6077563786216089,-7.468291894198139,27.39977119159343,right
4312,-1.5896885308513684,0.48109176921302166,-10.407620277743343,0.03833435563736032,-4.62547771657633,30.357563719635078,right
4313,-1.5898059933797173,0.31167687811083095,-10.215105199380256,-1.1516983878797582,0.784555632820455,34.46687871183331,right
4314,-1.4918649827814274,0.12497147884195381,-11.23145837876129,-0.6779943116725597,4.9335730207695905,39.31555073847723,right
4315,-1.6207895951471842,-0.056132838182053446,-13.257186827360592,-1.8484155117557926,3.4241983752015965,46.30254301944894,right
4316,-2.2134204261996855,-0.32103824753342464,-13.190083978026621,-5.913104720718495,-4.562585009448631,50.61024541932565,right
4317,-2.209514925279894,-0.6521060598345018,-12.83303274316345,-9.636286101264629,-10.81855542438087,54.00224887230652,right
4318,-1.9922384158541067,-0.9278163935986061,-11.579941963280255,-12.333116302062077,-8.036651923899196,56.21849428469149,right
4319,-1.893135116803348,-1.2619153635371185,-9.839564129649094,-12.936758478180924,-1.3353962003547686,59.20278822660789,right
4320,-1.6627875694207348,-1.5567925014206296,-8.564759490281359,-11.688629158169402,3.855787017556478,60.52994546872149,right
4321,-1.2096878196419412,-1.6786653452880305,-9.248702064624453,-9.459382146319921,7.067481927361433,63.64807615274056,right
4322,-1.1714420934630572,-1.8540894508996588,-9.574459661210902,-10.328245457159671,4.1034630024615515,67.76366132571594,right
4323,-1.1199575882446422,-1.9692707006107242,-10.015368502013963,-12.150997576940323,-3.5571761884801236,73.1111398987595,right
4324,-1.1204864331301745,-2.05888032094951,-10.090767191751219,-16.10931161425224,-10.728468178925306,78.95400372164701,right
4325,-1.2982455708549616,-2.204018361717817,-9.110804594308174,-19.328203932543826,-14.7705142526975,85.12391119478069,right
4326,-1.3287377529232338,-2.080232916710303,-8.92559853093617,-21.544931221540207,-15.329360655860397,92.44079639486836,right
4327,-1.3742991850288053,-1.9614275619876764,-8.922190273168193,-26.759862044376288,-15.708347916847533,102.35630392285925,right
4328,-1.4951265385909918,-1.9006019710896673,-8.728876631237664,-31.11661921264611,-15.312811218448555,110.1226744752222,right
4329,-1.6619743194332441,-1.9121400966345923,-8.533754207977843,-33.691547948317385,-13.39592170672861,117.23131993150207,right
4330,-1.8704597635819913,-1.9375889286849652,-8.555687292526683,-34.31651276206298,-12.260814407264,123.8645481588531,right
4331,-2.181958578517475,-2.0488798377699307,-8.613601156700474,-34.75550685602715,-13.872068455114224,131.4896502239643,right
4332,-2.6585024463169225,-2.236311024075973,-8.355002446316062,-34.873470024883105,-16.73727713417311,137.3588555021674,right
4333,-2.985021003267459,-2.289434441043174,-8.35939079451375,-34.857124898777556,-18.048524509387335,140.08639363890643,right
4334,-3.159821753593541,-2.395204894360777,-8.589444925145933,-35.66360761382193,-19.108370306370873,142.4430022868867,right
4335,-3.3838487765601113,-2.579011408872498,-8.515182330194797,-33.78384767763554,-18.781598876139512,143.61892407914036,right
4336,-3.5071591315363566,-2.510083327986736,-8.663773162237852,-30.309224093120918,-14.17854876356991,141.74802141817702,right
4337,-3.4127786994791194,-2.3287235196100915,-9.267750633937869,-30.69477866468032,-8.135113666233018,140.94195620280192,right
4338,-3.2841064057449842,-2.2023800413890706,-9.102909020962608,-34.010844327503456,-2.142838953361669,141.30931064167694,right
4339,-3.0519139251599334,-2.053505316045408,-8.704693622279583,-36.061926966461805,4.661888818532301,142.94189031034864,right
4340,-2.968275588831078,-1.9794892846857701,-8.862991026398406,-36.60834137510369,10.611866120498274,145.74642298124505,right
4341,-2.848773279336606,-1.950877524520381,-8.377699755699396,-35.88442761305354,16.07149676675251,146.0923525944172,right
4342,-2.6978685131403717,-1.6770480310118598,-10.082867846100958,-35.56958993614526,23.388300236409183,148.9710186734506,right
4343,-3.210491615818879,-1.7001663248095038,-11.35935090834194,-35.57886149821839,23.98874792147734,149.52438322511227,right
4344,-3.531096720801786,-1.5109037534997622,-11.734256134771792,-34.2962164904893,19.830397425635717,143.68133117170575,right
4345,-3.7333477669402875,-1.3663896803703368,-12.169584670934578,-33.60478383028455,14.078533086964596,140.2842681567245,right
4346,-3.9233882768130934,-1.1217356472821947,-11.363400040555328,-33.7636929013236,10.620078063527263,132.7529387528976,right
4347,-3.8590402391481886,-0.678984318498799,-9.922520581346076,-35.122739400860134,11.811474310638623,125.981448045645,right
4348,-3.604212818040418,-0.21126676167102998,-9.199144620012767,-39.01707959785428,14.281997124503052,125.78741987513975,right
4349,-3.2369031787470934,-0.1630307559924393,-8.661015227907322,-41.59720047058879,15.655712482881933,130.3441978184817,right
4350,-2.6058484005454887,-0.03383372274288873,-8.669437237542029,-39.640753494082425,22.217849008074467,132.79057661804765,right
4351,-2.0798928495121713,0.3118733171971573,-8.842882993515424,-38.083711239118585,30.935684393023486,133.55059221188975,right
4352,-1.6992673830924359,0.6047537734864568,-8.876903931794402,-37.198479907656306,34.85043518606446,133.67598083439506,right
4353,-1.5638237920448823,0.817698717296924,-9.222143960262194,-36.53162138692824,31.51965751478159,135.65246221047863,right
4354,-1.6851196039346927,0.6985615870287678,-9.497040623975256,-34.225055372327894,23.65939788374605,137.32868817216317,right
4355,-1.8574553537358627,0.5843699287207706,-9.703367567112023,-29.710286922599536,14.95265365705236,136.3297506207163,right
4356,-1.7889864897419385,0.6435590601310639,-9.477288603436463,-25.826581777927686,6.74690629112756,133.84494752674004,right
4357,-1.5412000569242248,0.6738521271898923,-9.646396060337015,-23.41540663543634,0.4993952017879333,135.4994093551253,right
4358,-1.6602975291876425,0.5054060730765466,-9.558666073850757,-21.03183031403114,-4.449845244393796,140.55676353483244,right
4359,-2.181946556803217,0.4211889330659813,-9.351725807468927,-17.70353672799891,-6.6017588346545715,142.1465173720333,right
4360,-2.3176036773502053,0.6157736228417052,-9.503758227475783,-16.657795988290133,-5.874232358943411,138.01520112636314,right
4361,-2.432941755872097,0.6773266381899596,-9.584926599419733,-18.997478717228304,-5.56872806050451,133.99786274956696,right
4362,-2.729681232769362,0.4744921383892596,-9.30501274794251,-19.607592536346793,-7.1265611270793565,126.8909901262024,right
4363,-2.8423303010418244,0.4547023672070225,-9.22631864739807,-17.87112086356766,-8.330048144370078,117.0629422585712,right
4364,-2.828506489561412,0.6585177013012795,-9.13756695953713,-17.00174880516405,-8.55641124684687,105.48258141360486,right
4365,-2.3764769350934865,0.9596983190547124,-9.112706718419533,-17.88592878958384,-6.81496117093125,96.53148637488799,right
4366,-2.364576831985452,1.0025641438402422,-9.170737625786328,-17.279523051362027,-4.153361277042443,94.72492516018337,right
4367,-2.4917235942885996,1.0116891159234036,-9.251448805143779,-14.613935708351278,-2.2798900082003684,92.06409163421785,right
4368,-2.6378087811225712,1.0699294424572494,-9.044856300335532,-11.347095283153418,-1.835004603447621,88.74553226868801,right
4369,-2.8653409730949706,1.0647445376472116,-9.007882260103372,-7.229887211222916,-2.962289580831697,84.99969372061531,right
4370,-2.8862700366775336,1.132529773663055,-9.415317280188226,-4.620456248183036,-3.522662378022555,79.87950762126785,right
4371,-2.8325465734901196,1.0583288571503375,-9.38835971453283,-5.0331227321076675,-3.1100494405795374,75.15344476662196,right
4372,-2.644529567538594,1.009234060684951,-9.369447161402354,-6.01443165118361,-0.6172925529572229,70.00851813910351,right
4373,-2.226668448309616,1.174054145151476,-9.788064071725602,-7.909624482914317,2.895992589929601,66.36042269712625,right
4374,-1.8809237353131376,1.1249858067127019,-9.644674624725175,-11.558125400666285,4.8900699325841,67.22089871886183,right
4375,-1.8116219507250872,0.8535343876382755,-9.489738814525634,-12.306677619118236,6.32225422698077,69.40219109421365,right
4376,-1.6107631536773561,0.9192158769080769,-9.84082966903483,-12.390722278066828,9.795947444682392,68.1055147291779,right
4377,-1.5894120872493414,0.7776489401692609,-9.287776762400778,-14.05769290530817,11.857322449231733,67.36300846948245,right
4378,-1.4809605867461082,0.6152272493299438,-9.36261295822319,-12.12906489143802,12.366814458951362,66.71970851782214,right
4379,-1.5739262852591107,0.48399476951511455,-9.745041746105416,-9.248365998529426,10.701519909120284,67.17081548962688,right
4380,-1.8575188234232618,0.1372197441793992,-9.5588569626719,-5.661528458084504,7.212206487899108,66.21310489530501,right
4381,-2.022779254745115,-0.08814019068855655,-9.65793270148031,-1.9664280037599475,5.305030141706344,62.18058103544816,right
4382,-2.085682971002006,-0.24595484990961594,-10.026785140383,-0.026890516929931607,4.215930619536033,56.52103071730119,right
4383,-2.0844383311595247,-0.4251923107768705,-10.104175619203794,-0.2149999666379081,3.0235514775392973,52.049123823438485,right
4384,-2.077661485733776,-0.6680771637378272,-9.697187681272968,0.22548907026647136,3.6931981521080512,45.600154261844814,right
4385,-1.9794457390999667,-0.776602267455534,-9.482163439223697,1.1241684546839092,5.551943292079216,39.79841877902832,right
4386,-2.0165075888119945,-0.807853991208927,-9.386432745778666,2.282151459005492,7.007393575096324,34.88477025153254,right
4387,-1.928315821696636,-0.8281539326463225,-9.623479737538121,2.2287031832616755,7.231336027596603,31.170215912720636,right
4388,-2.0013594831077386,-0.9358439080983143,-9.428639551875577,1.7088990927715555,6.96312739816042,27.8207724741152,right
4389,-2.09313739555805,-0.9877065140508116,-9.495857859580264,2.090395790057422,7.2292039099144505,24.00287926529063,right
